0	80.0	46.0
0	81.0	46.0
0	82.0	46.0
0	83.0	46.0
0	84.0	46.0
0	85.0	46.0
0	86.0	46.0
0	87.0	46.0
0	88.0	46.0
0	89.0	46.0
0	90.0	46.0
0	91.0	46.0
0	92.0	46.0
0	93.0	46.0
0	94.0	46.0
0	95.0	46.0
0	96.0	46.0
0	97.0	46.0
0	98.0	46.0
0	99.0	46.0
0	100.0	46.0
0	101.0	46.0
0	102.0	46.0
0	103.0	46.0
0	104.0	46.0
0	104.999998	46.0
0	105.0	45.0
0	105.0	44.0
0	105.0	43.0
0	105.0	42.0
0	105.0	41.0
0	105.0	40.0
0	105.0	39.0
0	105.0	38.0
0	105.0	37.0
0	105.0	36.0
0	105.0	35.0
0	105.0	34.0
0	105.0	33.0
0	105.0	32.0
0	105.0	31.85
0	104.0	31.85
0	103.0	31.85
0	102.0	31.85
0	101.987158	31.841442
0	101.972274	31.832134
0	101.945809	31.829032
0	101.934229	31.808869
0	101.903991	31.787078
0	101.834647	31.824331
0	101.715548	31.821733
0	101.640767	31.772385
0	101.529979	31.790566
0	101.430268	31.733429
0	101.308403	31.756801
0	101.197615	31.780179
0	101.139453	31.8529
0	101.070208	31.904841
0	101.020353	31.961979
0	100.978809	31.956788
0	100.920647	31.897052
0	100.829248	31.850302
0	100.737844	31.855498
0	100.701842	31.795762
0	100.701842	31.725635
0	100.726767	31.63733
0	100.746156	31.562011
0	100.707378	31.486697
0	100.737844	31.437349
0	100.704607	31.367226
0	100.640904	31.398393
0	100.507962	31.512668
0	100.394403	31.575001
0	100.286385	31.639928
0	100.167291	31.582791
0	100.106353	31.554222
0	100.034343	31.569805
0	99.832156	31.613957
0	99.674283	31.673693
0	99.544106	31.743816
0	99.422241	31.811346
0	99.236672	31.910037
0	99.186817	31.88666
0	99.131425	31.837316
0	99.062181	31.855498
0	98.970782	31.88666
0	98.990166	31.824331
0	99.020637	31.774983
0	99.089877	31.717845
0	99.078799	31.660708
0	99.017867	31.60357
0	99.048333	31.551624
0	99.009555	31.486697
0	98.990166	31.411378
0	98.884919	31.351642
0	98.893231	31.304892
0	98.821216	31.250353
0	98.799061	31.19321
0	98.751976	31.224377
0	98.71874	31.276323
0	98.649495	31.286711
0	98.630106	31.229573
0	98.619029	31.156852
0	98.655036	31.125685
0	98.729817	31.05816
0	98.785213	30.993229
0	98.699351	31.01141
0	98.558096	31.026994
0	98.447308	31.008812
0	98.328213	30.96466
0	98.1998	30.997757
0	98.134333	31.024396
0	98.117715	31.089327
0	98.047693	31.130204
0	97.995849	31.232171
0	98.020774	31.346446
0	97.982505	31.425662
0	97.84126	31.68037
0	97.680104	31.907439
0	97.594241	31.972371
0	97.500071	32.008729
0	97.408672	32.039896
0	97.267418	32.032107
0	97.234181	31.969773
0	97.162171	31.95419
0	97.076308	31.998342
0	97.023687	32.019117
0	96.976602	31.943802
0	96.901817	31.948994
0	96.857503	31.969773
0	96.768874	31.946396
0	96.749485	31.881469
0	96.671934	31.816537
0	96.719019	31.767193
0	96.655316	31.673693
0	96.721789	31.585389
0	96.785493	31.549026
0	96.815959	31.471114
0	96.904587	31.375015
0	96.973832	31.294505
0	96.979368	31.19321
0	97.079079	31.169838
0	97.189867	31.117896
0	97.228645	31.026994
0	97.331121	30.998425
0	97.380976	30.925704
0	97.344969	30.780257
0	97.372665	30.663384
0	97.281266	30.663384
0	97.192637	30.658193
0	97.08462	30.645207
0	97.076308	30.603648
0	97.126163	30.54132
0	97.178789	30.455613
0	97.234181	30.39328
0	97.267418	30.317961
0	97.297884	30.221862
0	97.353281	30.146543
0	97.333892	30.115381
0	97.292348	30.045253
0	97.192637	30.089406
0	97.162171	30.006297
0	97.081849	29.993312
0	96.912899	30.034866
0	96.79657	30.016685
0	96.7024	29.988116
0	96.674705	29.845272
0	96.561146	29.84787
0	96.464206	29.905008
0	96.413066	29.892047
0	96.411087	29.891416
0	96.388059	29.920709
0	96.36267	29.954893
0	96.335699	29.998402
0	96.281753	30.001509
0	96.299206	30.027922
0	96.289684	30.057446
0	96.232565	30.072985
0	96.210353	30.096291
0	96.227807	30.12115
0	96.221462	30.152227
0	96.177033	30.175533
0	96.12785	30.194179
0	96.111983	30.219043
0	96.051692	30.233028
0	96.005677	30.222149
0	95.959667	30.234581
0	95.938815	30.260381
0	95.92476	30.274979
0	95.885095	30.313824
0	95.885095	30.348008
0	95.869228	30.382193
0	95.837493	30.416377
0	95.824799	30.452115
0	95.766094	30.449003
0	95.710561	30.467649
0	95.685177	30.494066
0	95.643925	30.512712
0	95.599496	30.511158
0	95.577284	30.497173
0	95.593152	30.543789
0	95.577284	30.579527
0	95.543964	30.590401
0	95.4805	30.596619
0	95.421795	30.579527
0	95.410687	30.540678
0	95.377367	30.503387
0	95.372608	30.520479
0	95.351982	30.565542
0	95.345637	30.621478
0	95.336115	30.651002
0	95.27741	30.682075
0	95.221878	30.692954
0	95.183799	30.664983
0	95.129852	30.674308
0	95.094946	30.660323
0	95.091773	30.601279
0	95.069098	30.584582
0	95.082376	30.580967
0	95.098647	30.586276
0	95.114918	30.584949
0	95.125762	30.578312
0	95.136611	30.565032
0	95.156948	30.553081
0	95.17593	30.529182
0	95.177285	30.509265
0	95.169152	30.484034
0	95.156948	30.460135
0	95.156948	30.433581
0	95.155592	30.407023
0	95.148815	30.396403
0	95.143388	30.385779
0	95.143388	30.375154
0	95.139322	30.364535
0	95.129833	30.352583
0	95.116273	30.345946
0	95.10678	30.344618
0	95.100002	30.327357
0	95.087798	30.315405
0	95.090509	30.303453
0	95.093225	30.296816
0	95.108135	30.291506
0	95.125762	30.291506
0	95.146099	30.287523
0	95.159659	30.279554
0	95.174574	30.267602
0	95.194912	30.256983
0	95.209827	30.246358
0	95.24508	30.238393
0	95.265417	30.226442
0	95.284399	30.214494
0	95.30067	30.210507
0	95.30067	30.19856
0	95.302025	30.181299
0	95.311514	30.172002
0	95.310159	30.158723
0	95.31423	30.141466
0	95.305005	30.134238
0	95.30067	30.130841
0	95.270839	30.125531
0	95.242369	30.124204
0	95.20305	30.138806
0	95.182707	30.150758
0	95.16237	30.152085
0	95.139322	30.161382
0	95.123051	30.16271
0	95.093225	30.160055
0	95.074243	30.14412
0	95.075598	30.126859
0	95.081698	30.1003
0	95.076954	30.092999
0	95.074921	30.082375
0	95.067461	30.073746
0	95.057972	30.065113
0	95.049834	30.053166
0	95.044412	30.046524
0	95.04509	30.037896
0	95.047123	30.032586
0	95.038894	30.024532
0	95.037635	30.013328
0	95.048479	30.007355
0	95.052545	30.001381
0	95.060005	29.995403
0	95.066783	29.987438
0	95.075598	29.978146
0	95.073565	29.968185
0	95.076276	29.960884
0	95.089831	29.960221
0	95.106102	29.954906
0	95.102036	29.949596
0	95.102036	29.942295
0	95.10068	29.931007
0	95.111529	29.926361
0	95.122008	29.92525
0	95.127795	29.917728
0	95.126439	29.910427
0	95.137966	29.906445
0	95.146777	29.906445
0	95.146099	29.899803
0	95.149493	29.889847
0	95.163048	29.89582
0	95.172541	29.899803
0	95.187456	29.898475
0	95.198983	29.891527
0	95.194123	29.87861
0	95.192734	29.86977
0	95.187182	29.86093
0	95.183015	29.84597
0	95.179545	29.828294
0	95.17121	29.816733
0	95.180237	29.809936
0	95.183707	29.801773
0	95.193431	29.791573
0	95.209399	29.786136
0	95.210788	29.783415
0	95.21287	29.773214
0	95.221205	29.766417
0	95.228838	29.754856
0	95.230924	29.737858
0	95.220508	29.725619
0	95.207318	29.714058
0	95.194123	29.7059
0	95.189956	29.692978
0	95.183707	29.684821
0	95.185096	29.669183
0	95.183707	29.657622
0	95.17468	29.648104
0	95.15802	29.650142
0	95.142744	29.650825
0	95.129549	29.649464
0	95.11983	29.646743
0	95.103862	29.638581
0	95.08303	29.632461
0	95.07331	29.624304
0	95.075392	29.607984
0	95.066365	29.602547
0	95.060116	29.594384
0	95.050397	29.584188
0	95.043456	29.576026
0	95.049007	29.566508
0	95.054564	29.555629
0	95.046229	29.547467
0	95.03651	29.542708
0	95.020542	29.539987
0	95.019845	29.525027
0	95.019845	29.512788
0	95.003185	29.513471
0	94.98652	29.514148
0	94.980963	29.502592
0	94.976796	29.49579
0	94.971936	29.489671
0	94.964298	29.476754
0	94.963606	29.463154
0	94.962914	29.453632
0	94.967076	29.437316
0	94.965687	29.428476
0	94.949719	29.425072
0	94.937222	29.431197
0	94.929584	29.424395
0	94.924724	29.416915
0	94.916389	29.408757
0	94.915005	29.395158
0	94.921946	29.384279
0	94.926113	29.36456
0	94.930276	29.355037
0	94.921946	29.347557
0	94.920822	29.348265
0	94.912226	29.353677
0	94.896951	29.35708
0	94.879593	29.363878
0	94.865707	29.368637
0	94.858069	29.358436
0	94.85529	29.3496
0	94.85529	29.3394
0	94.844182	29.329882
0	94.837236	29.327161
0	94.824046	29.32308
0	94.806689	29.311523
0	94.797662	29.304721
0	94.783775	29.304043
0	94.772196	29.309645
0	94.772667	29.296563
0	94.764332	29.282281
0	94.753224	29.276844
0	94.743504	29.280921
0	94.731007	29.284324
0	94.723369	29.298602
0	94.706704	29.302
0	94.692428	29.294257
0	94.675508	29.290707
0	94.662265	29.282281
0	94.64288	29.294257
0	94.636838	29.282423
0	94.630791	29.27177
0	94.623542	29.265853
0	94.605411	29.261117
0	94.594533	29.2552
0	94.577614	29.262299
0	94.571572	29.248097
0	94.565529	29.236263
0	94.560694	29.223243
0	94.558281	29.207859
0	94.551027	29.204305
0	94.537732	29.210222
0	94.522023	29.222061
0	94.508728	29.205491
0	94.488184	29.206673
0	94.465217	29.199574
0	94.466429	29.185368
0	94.462804	29.174715
0	94.447091	29.174715
0	94.436213	29.181818
0	94.422918	29.178269
0	94.414458	29.172352
0	94.404792	29.167617
0	94.392707	29.152228
0	94.385454	29.139213
0	94.351614	29.138026
0	94.326235	29.142762
0	94.304479	29.156964
0	94.311733	29.14513
0	94.309315	29.133291
0	94.309315	29.116721
0	94.28756	29.100152
0	94.294813	29.084768
0	94.310521	29.077665
0	94.314151	29.070566
0	94.32261	29.061095
0	94.332277	29.05281
0	94.338319	29.038608
0	94.33953	29.026774
0	94.349197	29.017303
0	94.366116	29.017303
0	94.379825	29.019469
0	94.380364	29.009998
0	94.372307	29.004208
0	94.364785	28.997895
0	94.357796	28.993687
0	94.354037	28.98737
0	94.347053	28.981057
0	94.334156	28.98053
0	94.322875	28.97948
0	94.316962	28.974745
0	94.314814	28.965796
0	94.303528	28.961061
0	94.29923	28.954748
0	94.293856	28.948431
0	94.293856	28.937383
0	94.285262	28.928439
0	94.277739	28.92528
0	94.266991	28.922649
0	94.260546	28.915809
0	94.247111	28.915282
0	94.234219	28.916864
0	94.220246	28.922122
0	94.207888	28.924753
0	94.19177	28.924231
0	94.184248	28.917386
0	94.189622	28.907915
0	94.18371	28.900548
0	94.177264	28.894763
0	94.167054	28.8895
0	94.154696	28.887396
0	94.143948	28.885815
0	94.133739	28.880029
0	94.117621	28.877925
0	94.10795	28.871608
0	94.094515	28.878452
0	94.086993	28.86635
0	94.081624	28.861087
0	94.070337	28.859505
0	94.074101	28.846881
0	94.06604	28.843195
0	94.048308	28.844772
0	94.044549	28.836355
0	94.037027	28.831092
0	94.035411	28.819517
0	94.035411	28.807942
0	94.019294	28.806887
0	94.019833	28.797416
0	94.011234	28.787945
0	94.001562	28.794258
0	94.00049	28.801102
0	93.990281	28.811623
0	93.982758	28.826884
0	93.975774	28.813205
0	93.963949	28.803733
0	93.955893	28.792154
0	93.949981	28.782155
0	93.9301	28.776897
0	93.924193	28.765845
0	93.902697	28.767949
0	93.886042	28.770058
0	93.855951	28.765845
0	93.837147	28.756373
0	93.824251	28.748479
0	93.805447	28.735854
0	93.793627	28.729537
0	93.771597	28.719016
0	93.750102	28.717435
0	93.720016	28.715858
0	93.70873	28.713226
0	93.705505	28.70586
0	93.708226	28.694938
0	93.625876	28.67403
0	93.528446	28.675571
0	93.528255	28.675574
0	93.466849	28.687912
0	93.438508	28.731082
0	93.364504	28.757297
0	93.2228	28.737253
0	93.188158	28.754214
0	93.117307	28.76963
0	93.082669	28.738793
0	93.011813	28.75113
0	92.945681	28.732626
0	92.898445	28.706411
0	92.826022	28.701789
0	92.770912	28.740337
0	92.692187	28.749586
0	92.608737	28.754214
0	92.545754	28.766547
0	92.482776	28.75267
0	92.482776	28.697161
0	92.462304	28.652447
0	92.433964	28.623149
0	92.393025	28.626232
0	92.339492	28.630859
0	92.279662	28.646276
0	92.243448	28.669407
0	92.22893	28.669762
0	92.180465	28.670946
0	92.143982	28.650727
0	92.11654	28.679389
0	92.07263	28.713432
0	92.036041	28.736724
0	92.019578	28.763598
0	92.01592	28.779721
0	91.999452	28.788679
0	91.97201	28.788679
0	91.975668	28.761805
0	91.953716	28.745682
0	91.930119	28.732626
0	91.899159	28.72876
0	91.895602	28.706688
0	91.87973	28.692534
0	91.856416	28.694708
0	91.846669	28.695617
0	91.829168	28.679969
0	91.827774	28.65553
0	91.819675	28.634662
0	91.818492	28.610264
0	91.805442	28.606776
0	91.782903	28.60213
0	91.766291	28.585866
0	91.757989	28.562631
0	91.736633	28.554497
0	91.70935	28.540558
0	91.689181	28.533587
0	91.664272	28.521969
0	91.636984	28.51616
0	91.62466	28.501333
0	91.604193	28.49054
0	91.579458	28.471524
0	91.569916	28.482033
0	91.544392	28.477345
0	91.526842	28.46641
0	91.50451	28.475782
0	91.47739	28.486722
0	91.488556	28.51328
0	91.445483	28.52109
0	91.407192	28.516406
0	91.389643	28.522653
0	91.378982	28.53227
0	91.368916	28.54392
0	91.362509	28.56274
0	91.342378	28.566322
0	91.328655	28.573491
0	91.314013	28.579762
0	91.31146	28.595605
0	91.311269	28.596788
0	91.298459	28.588724
0	91.287475	28.577973
0	91.268263	28.579762
0	91.260024	28.570804
0	91.249045	28.559153
0	91.232573	28.560047
0	91.219763	28.561841
0	91.201463	28.558259
0	91.190485	28.544815
0	91.174925	28.551089
0	91.163946	28.542127
0	91.149305	28.529582
0	91.136495	28.522413
0	91.128261	28.511661
0	91.127343	28.500905
0	91.13375	28.487466
0	91.131919	28.474022
0	91.128261	28.458789
0	91.13924	28.44535
0	91.133001	28.442294
0	91.12643	28.439075
0	91.11362	28.44445
0	91.106299	28.455207
0	91.096234	28.459683
0	91.084337	28.469545
0	91.073358	28.475815
0	91.060548	28.482984
0	91.036755	28.490154
0	91.054141	28.501804
0	91.056886	28.508973
0	91.0395	28.517931
0	91.029434	28.523307
0	91.019369	28.533164
0	91.024858	28.549296
0	91.009304	28.561841
0	90.990091	28.572597
0	90.974531	28.580661
0	90.966297	28.567217
0	90.958977	28.554672
0	90.943422	28.547502
0	90.923291	28.542127
0	90.904992	28.548402
0	90.894927	28.534958
0	90.891264	28.519725
0	90.884861	28.502699
0	90.867475	28.487466
0	90.846427	28.477609
0	90.831785	28.46327
0	90.815317	28.469545
0	90.794268	28.472233
0	90.773224	28.462376
0	90.753094	28.460582
0	90.732963	28.464165
0	90.718322	28.477609
0	90.701849	28.470439
0	90.682636	28.453413
0	90.680805	28.440868
0	90.680805	28.422048
0	90.672571	28.413086
0	90.650609	28.412191
0	90.637799	28.420255
0	90.625902	28.422048
0	90.599364	28.421154
0	90.580151	28.415778
0	90.571918	28.404128
0	90.559103	28.394271
0	90.543548	28.400541
0	90.528907	28.396064
0	90.507863	28.402334
0	90.499944	28.403369
0	90.494135	28.404128
0	90.467601	28.396959
0	90.443808	28.405921
0	90.430085	28.414879
0	90.417275	28.417567
0	90.398057	28.422948
0	90.387078	28.430112
0	90.374268	28.431011
0	90.368774	28.412191
0	90.36054	28.400541
0	90.37335	28.385308
0	90.379758	28.370075
0	90.371519	28.35753
0	90.370606	28.344086
0	90.370606	28.318102
0	90.37335	28.298388
0	90.36054	28.289425
0	90.346817	28.277775
0	90.34041	28.266129
0	90.331258	28.248204
0	90.324855	28.234764
0	90.332176	28.218632
0	90.341323	28.209674
0	90.343154	28.195336
0	90.350475	28.181892
0	90.352306	28.17114
0	90.341323	28.163971
0	90.329431	28.151426
0	90.314575	28.145915
0	90.305638	28.146945
0	90.290996	28.146051
0	90.278177	28.142581
0	90.261012	28.137912
0	90.239074	28.140713
0	90.219044	28.147251
0	90.202831	28.159396
0	90.198062	28.174337
0	90.179941	28.180875
0	90.177009	28.180875
0	90.165631	28.180875
0	90.151326	28.179943
0	90.137973	28.171536
0	90.125577	28.164997
0	90.115083	28.155658
0	90.096962	28.148188
0	90.074072	28.141649
0	90.061671	28.13698
0	90.044506	28.142581
0	90.039737	28.152857
0	90.028293	28.166866
0	90.015891	28.175273
0	89.99491	28.177142
0	89.979648	28.176206
0	89.970112	28.195821
0	89.948174	28.203296
0	89.9291	28.192083
0	89.919948	28.173341
0	89.906211	28.184613
0	89.895717	28.202359
0	89.883321	28.220106
0	89.867103	28.210766
0	89.847078	28.215436
0	89.839445	28.229445
0	89.817487	28.230787
0	89.816051	28.229458
0	89.801096	28.215629
0	89.78471	28.212061
0	89.789262	28.205824
0	89.797458	28.189772
0	89.791992	28.177288
0	89.767411	28.18353
0	89.752841	28.179962
0	89.744651	28.169262
0	89.73099	28.163915
0	89.718242	28.175504
0	89.703678	28.176399
0	89.69093	28.167483
0	89.673631	28.159457
0	89.661797	28.161241
0	89.639945	28.159457
0	89.617313	28.155195
0	89.610403	28.158176
0	89.603587	28.169026
0	89.606995	28.183209
0	89.60103	28.192388
0	89.615512	28.195726
0	89.619776	28.200734
0	89.624035	28.207409
0	89.627443	28.218259
0	89.625741	28.226601
0	89.61892	28.233276
0	89.606995	28.237451
0	89.602731	28.240789
0	89.597622	28.244126
0	89.58484	28.243293
0	89.576318	28.240789
0	89.562686	28.239117
0	89.551607	28.236613
0	89.542238	28.232443
0	89.528601	28.230776
0	89.513268	28.234114
0	89.506447	28.245792
0	89.497929	28.248297
0	89.490258	28.244959
0	89.480885	28.243293
0	89.464696	28.237451
0	89.455322	28.239117
0	89.436581	28.239951
0	89.429765	28.229938
0	89.418685	28.221597
0	89.416128	28.20908
0	89.404203	28.202401
0	89.386307	28.204072
0	89.370969	28.202401
0	89.351371	28.202401
0	89.342849	28.190722
0	89.335182	28.187384
0	89.322401	28.181543
0	89.311326	28.180709
0	89.296839	28.183209
0	89.285764	28.189051
0	89.277242	28.191555
0	89.268719	28.193226
0	89.255938	28.184047
0	89.248271	28.180709
0	89.243157	28.17403
0	89.240605	28.165688
0	89.220152	28.165688
0	89.20652	28.164017
0	89.192888	28.158176
0	89.179251	28.164017
0	89.172435	28.157342
0	89.159654	28.149834
0	89.146022	28.144826
0	89.135798	28.149001
0	89.131539	28.159847
0	89.125574	28.164017
0	89.113644	28.164855
0	89.105977	28.154838
0	89.094897	28.138151
0	89.084673	28.135647
0	89.082967	28.12313
0	89.082967	28.112284
0	89.077857	28.097263
0	89.065927	28.089755
0	89.054852	28.099768
0	89.048036	28.100601
0	89.039514	28.111451
0	89.028434	28.098934
0	89.016509	28.088917
0	89.002021	28.079738
0	88.994354	28.073063
0	89.002877	28.061384
0	89.005429	28.050534
0	89.002021	28.041355
0	88.999464	28.03468
0	88.986683	28.033847
0	88.9722	28.028005
0	88.983275	28.018826
0	88.988389	28.006309
0	88.977314	27.997963
0	88.962827	27.999634
0	88.954305	28.000467
0	88.947273	27.998844
0	88.946817	28.005345
0	88.939142	28.017485
0	88.939142	28.027891
0	88.941703	28.040035
0	88.948521	28.051308
0	88.947669	28.060847
0	88.954487	28.067784
0	88.957896	28.07646
0	88.959601	28.0886
0	88.95193	28.098139
0	88.952783	28.112013
0	88.946817	28.120689
0	88.945964	28.134563
0	88.953635	28.147571
0	88.962158	28.155375
0	88.952783	28.167519
0	88.946817	28.178792
0	88.939994	28.188331
0	88.938289	28.199604
0	88.928062	28.213483
0	88.93488	28.218686
0	88.939142	28.23256
0	88.939994	28.242966
0	88.945964	28.254243
0	88.950226	28.265516
0	88.957044	28.274187
0	88.957044	28.287199
0	88.945964	28.297605
0	88.931471	28.301941
0	88.917835	28.309745
0	88.921244	28.322752
0	88.929753	28.33268
0	88.922149	28.344279
0	88.914548	28.355883
0	88.912013	28.381665
0	88.901878	28.391976
0	88.910748	28.403576
0	88.910546	28.403833
0	88.900613	28.416467
0	88.899343	28.426783
0	88.893008	28.437095
0	88.895543	28.448694
0	88.891743	28.461585
0	88.884138	28.471897
0	88.872738	28.480922
0	88.863868	28.473189
0	88.866403	28.459006
0	88.844863	28.453852
0	88.827127	28.452561
0	88.818258	28.461585
0	88.804318	28.471897
0	88.785317	28.477055
0	88.766312	28.488654
0	88.748572	28.497679
0	88.737172	28.505416
0	88.737172	28.519595
0	88.743507	28.529906
0	88.735902	28.544085
0	88.725767	28.558268
0	88.709297	28.567292
0	88.708027	28.585337
0	88.708027	28.604673
0	88.718167	28.609832
0	88.727032	28.621431
0	88.729567	28.633034
0	88.716897	28.644634
0	88.719432	28.665262
0	88.728302	28.671707
0	88.753642	28.685886
0	88.739702	28.693619
0	88.725767	28.701356
0	88.706762	28.70651
0	88.710562	28.723267
0	88.702962	28.734871
0	88.686491	28.742603
0	88.661151	28.740029
0	88.643411	28.73745
0	88.626941	28.743895
0	88.623141	28.727138
0	88.616806	28.716821
0	88.606671	28.711668
0	88.592731	28.701356
0	88.57753	28.697489
0	88.574996	28.687173
0	88.569926	28.676861
0	88.558525	28.674282
0	88.540785	28.672995
0	88.525585	28.669128
0	88.516715	28.661391
0	88.50151	28.66397
0	88.496869	28.658306
0	88.483843	28.658725
0	88.479133	28.652436
0	88.468428	28.648661
0	88.459007	28.643629
0	88.456012	28.634822
0	88.450441	28.639435
0	88.441448	28.64908
0	88.427316	28.659144
0	88.417899	28.667533
0	88.408478	28.659563
0	88.397341	28.651175
0	88.391347	28.649918
0	88.384492	28.646562
0	88.378926	28.640692
0	88.370365	28.639854
0	88.360084	28.639016
0	88.35109	28.641111
0	88.342102	28.644467
0	88.33268	28.649918
0	88.319832	28.649918
0	88.307839	28.653274
0	88.307411	28.663339
0	88.309127	28.673403
0	88.30703	28.685712
0	88.306983	28.685985
0	88.295851	28.687242
0	88.286804	28.677876
0	88.273826	28.676226
0	88.257611	28.682828
0	88.24788	28.697677
0	88.228418	28.705928
0	88.208956	28.707578
0	88.192741	28.707578
0	88.171657	28.714175
0	88.152195	28.720777
0	88.136617	28.719401
0	88.122682	28.715534
0	88.107477	28.723267
0	88.097341	28.707801
0	88.089741	28.707801
0	88.082137	28.712955
0	88.075801	28.724559
0	88.065666	28.733583
0	88.056796	28.749049
0	88.041591	28.750341
0	88.022591	28.750341
0	88.007386	28.767098
0	87.994716	28.756786
0	87.985846	28.746474
0	87.98458	28.75292
0	87.97191	28.768385
0	87.96811	28.779989
0	87.956705	28.796746
0	87.940235	28.804479
0	87.9339	28.816083
0	87.91743	28.825108
0	87.89589	28.837999
0	87.893355	28.845731
0	87.87562	28.856043
0	87.86168	28.867647
0	87.84901	28.870226
0	87.827474	28.868934
0	87.805934	28.885692
0	87.79914	28.883618
0	87.793264	28.881825
0	87.774259	28.865068
0	87.774259	28.853464
0	87.778059	28.840573
0	87.769189	28.823816
0	87.755254	28.814796
0	87.736249	28.813504
0	87.724848	28.805771
0	87.719778	28.796746
0	87.710908	28.786435
0	87.702043	28.798034
0	87.694438	28.796746
0	87.684303	28.791588
0	87.679233	28.778697
0	87.672898	28.763232
0	87.660228	28.754207
0	87.652628	28.749049
0	87.638693	28.750341
0	87.622222	28.750341
0	87.613352	28.756786
0	87.613352	28.768385
0	87.601948	28.776123
0	87.599417	28.789014
0	87.600682	28.800613
0	87.599417	28.814796
0	87.593082	28.814796
0	87.579142	28.803192
0	87.566724	28.797449
0	87.555495	28.787748
0	87.537657	28.779985
0	87.518502	28.789042
0	87.508591	28.801978
0	87.51718	28.80845
0	87.508591	28.817507
0	87.511235	28.827854
0	87.510727	28.844444
0	87.499343	28.85179
0	87.501328	28.867964
0	87.501328	28.885433
0	87.508192	28.898583
0	87.508591	28.91066
0	87.498026	28.917132
0	87.482851	28.917919
0	87.462581	28.924365
0	87.447376	28.932097
0	87.433441	28.932097
0	87.423377	28.935246
0	87.4029	28.943653
0	87.401578	28.935246
0	87.391008	28.933302
0	87.388369	28.917132
0	87.386384	28.903547
0	87.377799	28.897074
0	87.364585	28.906131
0	87.354678	28.906781
0	87.347411	28.900308
0	87.336841	28.897724
0	87.328256	28.889962
0	87.31372	28.897724
0	87.305475	28.886983
0	87.29407	28.886983
0	87.275065	28.885692
0	87.263664	28.880538
0	87.248459	28.877959
0	87.231989	28.886983
0	87.223119	28.894716
0	87.210449	28.888271
0	87.196514	28.885692
0	87.185109	28.893429
0	87.171174	28.905028
0	87.158504	28.905028
0	87.143299	28.905028
0	87.132062	28.900631
0	87.126828	28.898583
0	87.104023	28.888271
0	87.083753	28.885692
0	87.068548	28.886983
0	87.052078	28.894716
0	87.035607	28.889558
0	87.015333	28.889558
0	87.001397	28.879246
0	86.979857	28.880538
0	86.962122	28.879246
0	86.944382	28.863781
0	86.940582	28.85089
0	86.945652	28.83284
0	86.941847	28.816083
0	86.930447	28.80835
0	86.915242	28.796746
0	86.906372	28.812217
0	86.892436	28.823816
0	86.875966	28.837999
0	86.848091	28.830261
0	86.831621	28.831553
0	86.813881	28.843152
0	86.796146	28.845731
0	86.780941	28.85089
0	86.775875	28.863781
0	86.76447	28.872801
0	86.750535	28.862489
0	86.732795	28.854756
0	86.725195	28.871513
0	86.712525	28.874092
0	86.694785	28.877959
0	86.678315	28.89085
0	86.666914	28.897295
0	86.65044	28.912765
0	86.644105	28.907607
0	86.639039	28.888271
0	86.631434	28.87538
0	86.627634	28.858622
0	86.612434	28.85089
0	86.601029	28.862489
0	86.597229	28.87538
0	86.592159	28.89085
0	86.569354	28.901162
0	86.551618	28.903741
0	86.536413	28.90632
0	86.530078	28.925656
0	86.519943	28.934677
0	86.518673	28.954013
0	86.525008	28.964325
0	86.538948	28.969483
0	86.559219	28.974641
0	86.579489	28.979795
0	86.576954	28.995265
0	86.566819	29.008156
0	86.552884	29.018468
0	86.546548	29.030072
0	86.545283	29.040384
0	86.537679	29.050695
0	86.535739	29.052387
0	86.528809	29.058428
0	86.516139	29.064874
0	86.498403	29.067453
0	86.484468	29.067453
0	86.475598	29.073898
0	86.450258	29.06874
0	86.436322	29.06874
0	86.421117	29.072611
0	86.421117	29.081631
0	86.426183	29.090656
0	86.421117	29.09968
0	86.409713	29.113859
0	86.402112	29.113859
0	86.389442	29.104834
0	86.385642	29.11515
0	86.378061	29.126714
0	86.378037	29.12675
0	86.365367	29.120304
0	86.353967	29.109992
0	86.343832	29.097101
0	86.328627	29.097101
0	86.314691	29.097101
0	86.299486	29.095814
0	86.288082	29.088077
0	86.280481	29.077765
0	86.280481	29.070032
0	86.281746	29.053275
0	86.272881	29.045537
0	86.261476	29.04425
0	86.243736	29.040384
0	86.229801	29.041671
0	86.217131	29.041671
0	86.212065	29.036517
0	86.199395	29.035225
0	86.190525	29.049404
0	86.185456	29.042958
0	86.17532	29.042958
0	86.160115	29.036517
0	86.152515	29.024914
0	86.147445	29.01331
0	86.144915	29.000419
0	86.13351	29.005577
0	86.128445	29.000419
0	86.12211	28.992686
0	86.10817	28.997844
0	86.095672	29.000153
0	86.094235	29.000419
0	86.090434	28.990107
0	86.090434	28.978508
0	86.090434	28.964325
0	86.07903	28.956592
0	86.07016	28.947568
0	86.065094	28.93081
0	86.058759	28.923077
0	86.054959	28.928231
0	86.038484	28.935968
0	86.029619	28.939835
0	86.018214	28.942414
0	86.013149	28.928231
0	85.999209	28.923077
0	85.990072	28.917267
0	85.981181	28.910691
0	85.978653	28.90017
0	85.962219	28.902029
0	85.954004	28.894601
0	85.95337	28.87541
0	85.93757	28.877886
0	85.92872	28.883459
0	85.915449	28.88779
0	85.909128	28.90017
0	85.900279	28.908836
0	85.897751	28.913167
0	85.893958	28.92493
0	85.881951	28.934835
0	85.874366	28.946593
0	85.864887	28.955876
0	85.850346	28.960212
0	85.837709	28.943501
0	85.821275	28.952162
0	85.820011	28.941025
0	85.811162	28.932359
0	85.795992	28.936073
0	85.777029	28.924309
0	85.775765	28.939165
0	85.775765	28.950924
0	85.775135	28.966402
0	85.771977	28.983729
0	85.764392	28.995493
0	85.764392	29.007252
0	85.75175	29.023962
0	85.746059	29.038819
0	85.744165	29.049961
0	85.741637	29.059244
0	85.734052	29.071624
0	85.72141	29.0741
0	85.699289	29.076576
0	85.677798	29.082766
0	85.646828	29.082766
0	85.631663	29.082766
0	85.608908	29.06791
0	85.593108	29.063579
0	85.58788	29.058092
0	85.584259	29.054291
0	85.574775	29.04563
0	85.572881	29.033867
0	85.565926	29.02087
0	85.55076	29.020248
0	85.530534	29.015918
0	85.516628	29.007873
0	85.503356	29.00849
0	85.491344	29.01468
0	85.476808	29.01901
0	85.464801	29.018394
0	85.453424	29.012204
0	85.438253	29.006014
0	85.425612	28.993633
0	85.422454	28.984351
0	85.420043	28.97254
0	85.397233	28.969915
0	85.378977	28.972396
0	85.374415	28.98978
0	85.36174	28.982328
0	85.351088	28.991766
0	85.330808	28.991267
0	85.319142	28.9868
0	85.309005	28.979348
0	85.297848	28.989281
0	85.282635	28.990274
0	85.267931	28.98978
0	85.253732	28.982328
0	85.235985	28.980841
0	85.227871	28.98978
0	85.217729	28.975874
0	85.212153	28.985308
0	85.203025	28.989281
0	85.188826	28.981834
0	85.180208	28.991766
0	85.16398	28.98978
0	85.160942	28.976369
0	85.147757	28.980342
0	85.134068	28.979847
0	85.127473	28.972396
0	85.105669	28.968427
0	85.09147	28.961475
0	85.079304	28.974382
0	85.067638	28.973389
0	85.052934	28.980841
0	85.036202	28.985807
0	85.025045	28.976369
0	85.025045	28.957648
0	85.025045	28.952037
0	85.032655	28.945089
0	85.023527	28.932671
0	85.008818	28.930684
0	85.000132	28.925388
0	84.985721	28.917484
0	84.971306	28.91466
0	84.96064	28.907603
0	84.969575	28.899417
0	84.971306	28.890662
0	84.963231	28.879087
0	84.956314	28.866664
0	84.951699	28.853677
0	84.958316	28.845306
0	84.957078	28.844597
0	84.942187	28.842949
0	84.925752	28.843231
0	84.914798	28.83843
0	84.898652	28.837305
0	84.879915	28.834763
0	84.86896	28.832786
0	84.854833	28.822905
0	84.842437	28.813302
0	84.838111	28.818669
0	84.825137	28.824035
0	84.811587	28.827137
0	84.800344	28.831938
0	84.788236	28.831938
0	84.800056	28.841819
0	84.80873	28.846532
0	84.811587	28.856219
0	84.800921	28.872878
0	84.787947	28.878239
0	84.773532	28.879369
0	84.761135	28.879652
0	84.756526	28.872878
0	84.744994	28.870336
0	84.739515	28.864687
0	84.733746	28.856501
0	84.732309	28.841819
0	84.720196	28.833633
0	84.70953	28.842101
0	84.696268	28.851982
0	84.684448	28.863275
0	84.668596	28.877392
0	84.654757	28.875133
0	84.64236	28.868924
0	84.633997	28.876545
0	84.620158	28.887837
0	84.611607	28.907297
0	84.606584	28.920421
0	84.596264	28.920421
0	84.583973	28.920421
0	84.568062	28.910578
0	84.555502	28.899097
0	84.544785	28.8852
0	84.535405	28.877778
0	84.532896	28.863016
0	84.533231	28.848467
0	84.531219	28.838416
0	84.518658	28.824473
0	84.500239	28.822015
0	84.493538	28.809715
0	84.486001	28.795772
0	84.476792	28.784291
0	84.469255	28.78101
0	84.456863	28.778872
0	84.455017	28.778553
0	84.451667	28.79331
0	84.44748	28.803153
0	84.449994	28.817092
0	84.455853	28.828573
0	84.449994	28.838416
0	84.434084	28.841697
0	84.414823	28.841697
0	84.401426	28.841697
0	84.393889	28.852354
0	84.383843	28.859735
0	84.37212	28.853178
0	84.354532	28.851535
0	84.349509	28.861378
0	84.340299	28.857278
0	84.327739	28.851535
0	84.312665	28.857278
0	84.300105	28.867935
0	84.289218	28.875316
0	84.275821	28.886797
0	84.261584	28.88844
0	84.243164	28.885978
0	84.236773	28.891271
0	84.229763	28.895816
0	84.217203	28.90484
0	84.225576	28.92124
0	84.228926	28.936822
0	84.235627	28.953222
0	84.244	28.967984
0	84.249023	28.987665
0	84.254888	29.002422
0	84.254047	29.018827
0	84.24065	29.026204
0	84.22809	29.036866
0	84.214694	29.030308
0	84.197942	29.030308
0	84.179523	29.031127
0	84.161098	29.039328
0	84.161935	29.052447
0	84.169472	29.059009
0	84.175336	29.06639
0	84.182032	29.073771
0	84.189569	29.081147
0	84.195433	29.098371
0	84.200456	29.109033
0	84.188368	29.119148
0	84.182873	29.135272
0	84.178736	29.152016
0	84.180359	29.172177
0	84.189569	29.189396
0	84.19962	29.200877
0	84.207993	29.218915
0	84.201292	29.232039
0	84.18706	29.232039
0	84.167799	29.229577
0	84.142679	29.232858
0	84.122582	29.232858
0	84.121741	29.245978
0	84.122582	29.266478
0	84.104994	29.274683
0	84.073173	29.275502
0	84.05894	29.279602
0	84.041357	29.291083
0	84.022933	29.282059
0	83.987762	29.282059
0	83.957179	29.285426
0	83.929344	29.297594
0	83.876266	29.293157
0	83.83195	29.283491
0	83.823989	29.276226
0	83.810759	29.264154
0	83.807024	29.236883
0	83.7703	29.229357
0	83.754889	29.208085
0	83.733698	29.179083
0	83.699019	29.165552
0	83.664324	29.162684
0	83.660543	29.16241
0	83.623881	29.159751
0	83.58535	29.169417
0	83.544891	29.173282
0	83.5237	29.188754
0	83.524595	29.201067
0	83.5237	29.221621
0	83.504432	29.250624
0	83.48517	29.269955
0	83.448562	29.279626
0	83.450491	29.304758
0	83.442782	29.33376
0	83.419663	29.362762
0	83.427371	29.40143
0	83.4004	29.411101
0	83.369573	29.426567
0	83.358013	29.4633
0	83.323334	29.488437
0	83.288655	29.482637
0	83.275172	29.505838
0	83.259755	29.534841
0	83.246273	29.558043
0	83.219302	29.573509
0	83.192325	29.569644
0	83.167283	29.610247
0	83.149943	29.608311
0	83.105633	29.606376
0	83.078657	29.594775
0	83.059394	29.616047
0	83.045906	29.643114
0	83.001596	29.662446
0	82.968845	29.65278
0	82.937359	29.689954
0	82.936094	29.691448
0	82.878295	29.71465
0	82.847468	29.743652
0	82.841688	29.78039
0	82.822425	29.813257
0	82.785818	29.830659
0	82.743436	29.84419
0	82.731116	29.849488
0	82.702977	29.861591
0	82.681223	29.890137
0	82.667754	29.914116
0	82.64903	29.923461
0	82.642654	29.933901
0	82.625513	29.932103
0	82.608372	29.925508
0	82.586943	29.921912
0	82.568577	29.925508
0	82.555723	29.936302
0	82.533684	29.942897
0	82.522662	29.938698
0	82.51049	29.929616
0	82.509804	29.929104
0	82.49105	29.948598
0	82.460228	29.9776
0	82.440626	29.993853
0	82.419812	29.996852
0	82.416329	30.001685
0	82.412468	30.007043
0	82.398384	30.010042
0	82.388588	30.013638
0	82.374509	30.016039
0	82.355532	30.018435
0	82.348182	30.026828
0	82.337165	30.035823
0	82.325533	30.032825
0	82.312674	30.02743
0	82.304104	30.031625
0	82.290636	30.043016
0	82.279618	30.047813
0	82.272269	30.05501
0	82.249619	30.062801
0	82.237377	30.054408
0	82.222682	30.05501
0	82.19452	30.053207
0	82.180872	30.045271
0	82.174317	30.055608
0	82.173091	30.074795
0	82.182277	30.089783
0	82.182887	30.101773
0	82.173091	30.110166
0	82.183503	30.11556
0	82.196356	30.122758
0	82.204316	30.125154
0	82.204926	30.142542
0	82.190503	30.153544
0	82.188401	30.171916
0	82.182628	30.179268
0	82.17702	30.186412
0	82.140413	30.199948
0	82.115365	30.211549
0	82.103811	30.23668
0	82.130782	30.256017
0	82.117294	30.281154
0	82.150044	30.294685
0	82.142341	30.317887
0	82.109585	30.329488
0	82.080691	30.335288
0	82.047935	30.337223
0	82.014857	30.335562
0	82.03889	30.399234
0	82.035285	30.454803
0	82.029276	30.527737
0	82.08455	30.549731
0	82.101373	30.525421
0	82.138623	30.509213
0	82.18188	30.499951
0	82.195098	30.527737
0	82.240761	30.525421
0	82.286422	30.521948
0	82.320068	30.520788
0	82.350106	30.53121
0	82.383752	30.53584
0	82.407784	30.538156
0	82.427008	30.549731
0	82.445035	30.572885
0	82.446235	30.616876
0	82.424607	30.636557
0	82.372938	30.655081
0	82.380147	30.712964
0	82.365728	30.726855
0	82.334487	30.724542
0	82.312855	30.692126
0	82.284018	30.706018
0	82.272003	30.745379
0	82.240761	30.754641
0	82.221534	30.796316
0	82.183083	30.828732
0	82.144632	30.803262
0	82.103777	30.794003
0	82.062922	30.84494
0	82.055712	30.879669
0	82.010052	30.881985
0	81.959583	30.881985
0	81.933147	30.91903
0	81.877873	30.914401
0	81.84423	30.937554
0	81.868262	30.960708
0	81.84423	30.993121
0	81.817794	31.025537
0	81.76252	31.027853
0	81.716859	31.069528
0	81.6736	31.034799
0	81.61352	31.081106
0	81.558246	31.083422
0	81.526025	31.112877
0	81.526181	31.113856
0	81.528903	31.170154
0	81.559738	31.157107
0	81.582064	31.162127
0	81.589488	31.180666
0	81.654376	31.220028
0	81.683071	31.209297
0	81.707525	31.209297
0	81.724533	31.203275
0	81.733041	31.19123
0	81.754305	31.195247
0	81.774507	31.199261
0	81.788956	31.210766
0	81.796833	31.232381
0	81.788325	31.24342
0	81.779821	31.264495
0	81.770251	31.282562
0	81.789391	31.310662
0	81.789391	31.347796
0	81.779821	31.360844
0	81.789391	31.387941
0	81.780883	31.411025
0	81.764937	31.425075
0	81.739421	31.4321
0	81.729851	31.444145
0	81.714967	31.47024
0	81.693703	31.478268
0	81.643732	31.48429
0	81.627782	31.497338
0	81.611836	31.51741
0	81.611116	31.539547
0	81.58313	31.55956
0	81.562928	31.567592
0	81.570261	31.646053
0	81.603907	31.724773
0	81.642358	31.747927
0	81.615925	31.808126
0	81.627939	31.845171
0	81.6736	31.896111
0	81.647166	31.979463
0	81.608715	32.037346
0	81.505377	32.081337
0	81.541424	32.123015
0	81.56786	32.153114
0	81.615925	32.129961
0	81.661585	32.157744
0	81.714455	32.167006
0	81.695231	32.224892
0	81.615925	32.227205
0	81.587084	32.252675
0	81.519795	32.285091
0	81.466923	32.275829
0	81.402038	32.282774
0	81.365988	32.292036
0	81.392424	32.331398
0	81.464521	32.349919
0	81.527005	32.377702
0	81.516134	32.455103
0	81.487515	32.478735
0	81.454096	32.49886
0	81.422764	32.531058
0	81.439474	32.561244
0	81.416497	32.583381
0	81.38099	32.605517
0	81.339212	32.623628
0	81.305793	32.623628
0	81.264018	32.621616
0	81.220156	32.611552
0	81.172114	32.609541
0	81.142871	32.627651
0	81.103184	32.645765
0	81.053055	32.653814
0	81.034254	32.671925
0	81.000835	32.696073
0	80.95906	32.712172
0	80.943973	32.721191
0	80.935569	32.736178
0	80.929961	32.761751
0	80.938369	32.774978
0	80.959853	32.785557
0	80.946776	32.804073
0	80.9365	32.819064
0	80.912215	32.831408
0	80.912215	32.851688
0	80.910346	32.865796
0	80.901004	32.884316
0	80.896335	32.901067
0	80.886993	32.909886
0	80.871116	32.909886
0	80.847763	32.902832
0	80.824409	32.901949
0	80.797321	32.898421
0	80.766494	32.894013
0	80.759956	32.874615
0	80.740341	32.861389
0	80.719791	32.866679
0	80.700055	32.859076
0	80.65619	32.857064
0	80.633216	32.865114
0	80.601884	32.859076
0	80.601884	32.834928
0	80.576817	32.822855
0	80.541309	32.838954
0	80.501623	32.859076
0	80.487001	32.838954
0	80.47447	32.792669
0	80.436872	32.798707
0	80.424341	32.778582
0	80.411807	32.746384
0	80.384654	32.732297
0	80.355411	32.720221
0	80.326167	32.73632
0	80.294835	32.746384
0	80.265595	32.728271
0	80.221729	32.720221
0	80.192489	32.708148
0	80.163245	32.69205
0	80.117292	32.69205
0	80.06925	32.71016
0	80.029564	32.694061
0	79.977346	32.704122
0	79.935572	32.724247
0	79.885439	32.742358
0	79.858287	32.714186
0	79.845753	32.698085
0	79.830084	32.699997
0	79.80189	32.706137
0	79.785181	32.714186
0	79.743406	32.716198
0	79.697453	32.728271
0	79.678655	32.714186
0	79.641056	32.716198
0	79.595103	32.742358
0	79.551241	32.756445
0	79.509466	32.774556
0	79.490665	32.800718
0	79.480222	32.838954
0	79.478134	32.865114
0	79.446803	32.887251
0	79.419647	32.903349
0	79.407116	32.923474
0	79.382052	32.945608
0	79.35072	32.971771
0	79.344453	32.997931
0	79.36743	33.032143
0	79.375785	33.068364
0	79.36743	33.104588
0	79.38414	33.116664
0	79.396673	33.142824
0	79.413383	33.166972
0	79.386228	33.19917
0	79.348632	33.19112
0	79.331922	33.183071
0	79.308946	33.183071
0	79.283881	33.203196
0	79.260904	33.219295
0	79.229573	33.231367
0	79.206596	33.205208
0	79.183619	33.195146
0	79.160642	33.177033
0	79.135578	33.19112
0	79.102158	33.207219
0	79.077093	33.231367
0	79.058293	33.261554
0	79.049938	33.279667
0	79.039495	33.301804
0	79.01443	33.317902
0	78.991454	33.336013
0	78.970568	33.340036
0	78.958034	33.366199
0	78.948783	33.377312
0	78.946385	33.385245
0	78.932582	33.382977
0	78.916202	33.391742
0	78.914581	33.392609
0	78.900778	33.381279
0	78.886377	33.376182
0	78.872394	33.37626
0	78.824353	33.374249
0	78.790933	33.364187
0	78.767956	33.334001
0	78.742892	33.313876
0	78.730361	33.338025
0	78.711836	33.34592
0	78.694844	33.354104
0	78.67219	33.354104
0	78.659447	33.36502
0	78.639623	33.367747
0	78.622632	33.37184
0	78.62688	33.39503
0	78.60281	33.40185
0	78.573076	33.410037
0	78.570243	33.422313
0	78.550419	33.43459
0	78.527764	33.440047
0	78.530597	33.46051
0	78.493782	33.463239
0	78.483872	33.463239
0	78.455554	33.475516
0	78.432896	33.494616
0	78.431481	33.510986
0	78.41449	33.506892
0	78.381923	33.505529
0	78.380508	33.516442
0	78.373429	33.532812
0	78.360686	33.539632
0	78.353604	33.554639
0	78.359268	33.565552
0	78.36918	33.579192
0	78.373328	33.6045
0	78.580199	33.695997
0	78.571443	33.702607
0	78.560687	33.710729
0	78.54778	33.718851
0	78.530571	33.722913
0	78.515513	33.733066
0	78.511211	33.745249
0	78.50906	33.757436
0	78.502603	33.775712
0	78.493998	33.791956
0	78.485394	33.80414
0	78.485394	33.814296
0	78.468184	33.818357
0	78.45958	33.82648
0	78.450975	33.834602
0	78.444522	33.840694
0	78.431611	33.858969
0	78.418705	33.867092
0	78.403647	33.875218
0	78.395042	33.88334
0	78.386438	33.897554
0	78.375678	33.901615
0	78.36425	33.898684
0	78.351556	33.906475
0	78.343302	33.922658
0	78.329971	33.941833
0	78.34711	33.949022
0	78.359809	33.962806
0	78.37314	33.969999
0	78.383931	33.978388
0	78.39155	33.98678
0	78.383297	33.997567
0	78.371376	34.017366
0	78.356318	34.027519
0	78.356318	34.037672
0	78.349864	34.047825
0	78.345562	34.068134
0	78.330504	34.074226
0	78.3219	34.084379
0	78.315442	34.092501
0	78.306274	34.098764
0	78.31114	34.112807
0	78.317597	34.129055
0	78.328353	34.141239
0	78.339109	34.151392
0	78.34126	34.163575
0	78.345562	34.177793
0	78.356318	34.189977
0	78.358556	34.204571
0	78.361264	34.213818
0	78.369225	34.222466
0	78.384286	34.228558
0	78.405798	34.228558
0	78.414402	34.210282
0	78.425158	34.196068
0	78.438065	34.194038
0	78.442367	34.206221
0	78.455278	34.210282
0	78.468184	34.20013
0	78.485394	34.198099
0	78.500451	34.20216
0	78.515513	34.210282
0	78.526269	34.204191
0	78.532722	34.177793
0	78.545629	34.155453
0	78.567141	34.151392
0	78.584353	34.161545
0	78.592958	34.165606
0	78.610167	34.157484
0	78.631678	34.155453
0	78.646609	34.154979
0	78.66303	34.142847
0	78.660887	34.132737
0	78.662316	34.123977
0	78.674454	34.114542
0	78.678737	34.108476
0	78.67231	34.099038
0	78.674454	34.086909
0	78.674473	34.086898
0	78.690875	34.07747
0	78.702299	34.078819
0	78.715152	34.089603
0	78.725861	34.086909
0	78.74728	34.079494
0	78.759418	34.092975
0	78.775125	34.101061
0	78.788692	34.113868
0	78.799401	34.131389
0	78.81868	34.127346
0	78.832244	34.110496
0	78.839384	34.127346
0	78.847954	34.13611
0	78.864375	34.152285
0	78.882222	34.164414
0	78.895074	34.152285
0	78.907213	34.144195
0	78.920066	34.140827
0	78.939341	34.148913
0	78.950765	34.13678
0	78.960763	34.152956
0	78.977899	34.16172
0	78.995749	34.157677
0	79.011688	34.156343
0	79.031542	34.158216
0	79.046434	34.166652
0	79.058348	34.18071
0	79.072251	34.19383
0	79.090121	34.187272
0	79.10799	34.189145
0	79.122886	34.198518
0	79.132811	34.207891
0	79.149692	34.202266
0	79.164584	34.195707
0	79.19139	34.185398
0	79.20529	34.178836
0	79.2182	34.18352
0	79.235077	34.175088
0	79.262876	34.178836
0	79.277768	34.163841
0	79.302589	34.162905
0	79.329399	34.152595
0	79.352235	34.13666
0	79.370104	34.133849
0	79.387974	34.128228
0	79.397903	34.111356
0	79.407832	34.100109
0	79.43762	34.095425
0	79.437337	34.095757
0	79.434826	34.098706
0	79.484013	34.174526
0	79.552876	34.193483
0	79.61518	34.225075
0	79.641413	34.269304
0	79.592226	34.310375
0	79.61518	34.373561
0	79.57255	34.405152
0	79.533732	34.445428
0	79.519641	34.453154
0	79.474176	34.443064
0	79.415152	34.414629
0	79.349569	34.427266
0	79.287265	34.452541
0	79.241358	34.417789
0	79.179055	34.427266
0	79.139704	34.449381
0	79.123308	34.480975
0	79.067564	34.499929
0	79.021657	34.547318
0	78.99742	34.574577
0	78.994179	34.587764
0	78.982307	34.642095
0	78.946237	34.664212
0	78.880653	34.692644
0	78.82163	34.698964
0	78.759326	34.746352
0	78.729813	34.784264
0	78.700299	34.819015
0	78.659102	34.842862
0	78.642662	34.868449
0	78.634719	34.872721
0	78.621161	34.884288
0	78.614207	34.901348
0	78.607882	34.926326
0	78.590178	34.920233
0	78.572473	34.925717
0	78.557295	34.920842
0	78.540855	34.925108
0	78.51809	34.917187
0	78.497224	34.912314
0	78.479517	34.909875
0	78.464341	34.90683
0	78.452959	34.908048
0	78.439679	34.92206
0	78.439679	34.937293
0	78.444499	34.953273
0	78.464341	34.960441
0	78.48837	34.967143
0	78.50165	34.972625
0	78.507974	34.986637
0	78.516193	34.994558
0	78.504811	35.002479
0	78.50671	35.022581
0	78.515561	35.037202
0	78.52884	35.043905
0	78.549076	35.04695
0	78.56362	35.057917
0	78.566148	35.069492
0	78.557927	35.076804
0	78.545915	35.081677
0	78.537061	35.092034
0	78.544016	35.099952
0	78.557927	35.102391
0	78.556663	35.113355
0	78.548444	35.12676
0	78.52315	35.127978
0	78.500764	35.142167
0	78.520621	35.160875
0	78.50883	35.169368
0	78.480598	35.191807
0	78.470761	35.239195
0	78.437968	35.286584
0	78.408458	35.327652
0	78.443099	35.359353
0	78.437464	35.3684
0	78.382224	35.384521
0	78.355991	35.422429
0	78.30788	35.425397
0	78.27783	35.444396
0	78.25999	35.451632
0	78.23933	35.463395
0	78.221489	35.473347
0	78.215855	35.488725
0	78.213039	35.505914
0	78.197074	35.519484
0	78.179233	35.520389
0	78.167024	35.512248
0	78.148244	35.513153
0	78.135098	35.517676
0	78.120073	35.519484
0	78.109743	35.525818
0	78.095658	35.538483
0	78.081573	35.555674
0	78.072183	35.567434
0	78.057158	35.567434
0	78.047768	35.578292
0	78.033682	35.580099
0	78.020537	35.571958
0	78.002696	35.566529
0	77.978889	35.561438
0	77.929703	35.517207
0	77.898551	35.528104
0	77.894988	35.570408
0	77.898551	35.625054
0	77.912809	35.656783
0	77.916372	35.68675
0	77.919935	35.723766
0	77.946664	35.755496
0	77.971611	35.79075
0	77.99299	35.838346
0	78.000116	35.889467
0	78.000116	35.931771
0	78.017937	35.965263
0	78.017937	35.991705
0	77.987645	36.026959
0	77.969824	36.06045
0	77.921717	36.067505
0	77.862915	36.07808
0	77.821934	36.083367
0	77.791642	36.102759
0	77.768477	36.130964
0	77.763132	36.162693
0	77.74353	36.16798
0	77.723927	36.162693
0	77.695417	36.180317
0	77.665125	36.18561
0	77.633052	36.190897
0	77.609892	36.215576
0	77.576032	36.226151
0	77.547527	36.266692
0	77.529706	36.301946
0	77.504759	36.333676
0	77.497633	36.367172
0	77.490507	36.397139
0	77.470904	36.425343
0	77.396069	36.423576
0	77.339048	36.437681
0	77.28381	36.450018
0	77.232134	36.448255
0	77.184027	36.435918
0	77.148385	36.442968
0	77.157298	36.458835
0	77.155517	36.488802
0	77.171551	36.522293
0	77.14304	36.554023
0	77.110967	36.550498
0	77.048602	36.557547
0	76.966635	36.592801
0	76.890018	36.629818
0	76.840123	36.643923
0	76.77954	36.679177
0	76.727864	36.700331
0	76.68332	36.700331
0	76.644121	36.716193
0	76.59779	36.749685
0	76.547896	36.781414
0	76.512259	36.814911
0	76.474841	36.855452
0	76.424947	36.876607
0	76.367932	36.911861
0	76.339422	36.955927
0	76.318038	36.989419
0	76.321601	37.014098
0	76.339422	37.054645
0	76.321601	37.091661
0	76.325165	37.12339
0	76.332291	37.142783
0	76.334072	37.160407
0	76.334072	37.179799
0	76.344767	37.211528
0	76.325165	37.24502
0	76.301999	37.267937
0	76.29131	37.287324
0	76.285965	37.315528
0	76.269926	37.343732
0	76.250329	37.377224
0	76.232508	37.391329
0	76.216201	37.380262
0	76.20121	37.36657
0	76.195443	37.342605
0	76.193137	37.325489
0	76.179291	37.314078
0	76.16199	37.311797
0	76.148149	37.287837
0	76.129697	37.274145
0	76.136614	37.25931
0	76.119313	37.249037
0	76.105472	37.25931
0	76.084709	37.271859
0	76.057028	37.267296
0	76.032803	37.260448
0	76.013195	37.282131
0	75.997049	37.293542
0	75.968213	37.30381
0	75.943988	37.319783
0	75.917462	37.317502
0	75.902466	37.310659
0	75.87363	37.311797
0	75.859789	37.316364
0	75.851716	37.328913
0	75.83672	37.335761
0	75.809039	37.336899
0	75.783659	37.336899
0	75.737526	37.336899
0	75.72253	37.320926
0	75.732909	37.300386
0	75.721374	37.27985
0	75.708689	37.260448
0	75.701766	37.238769
0	75.677542	37.229639
0	75.653322	37.245618
0	75.619874	37.243331
0	75.601417	37.231921
0	75.589882	37.218229
0	75.569119	37.228502
0	75.541438	37.223934
0	75.507989	37.227358
0	75.479153	37.234207
0	75.463001	37.251323
0	75.450316	37.282131
0	75.427247	37.300386
0	75.418019	37.325489
0	75.388026	37.323207
0	75.351117	37.317502
0	75.313057	37.318645
0	75.287682	37.319783
0	75.251922	37.319783
0	75.224242	37.330056
0	75.201172	37.330056
0	75.174642	37.340324
0	75.160801	37.364289
0	75.137732	37.385967
0	75.119275	37.406508
0	75.095055	37.430467
0	75.066219	37.452151
0	75.037382	37.470405
0	75.02008	37.452151
0	75.008546	37.435035
0	74.986632	37.416775
0	74.942799	37.421343
0	74.894355	37.435035
0	74.848217	37.445303
0	74.817074	37.456713
0	74.754784	37.433892
0	74.704034	37.392816
0	74.64175	37.381405
0	74.581771	37.367713
0	74.466425	37.349453
0	74.401834	37.328913
0	74.309557	37.280988
0	74.238044	37.244475
0	74.164225	37.212523
0	74.095017	37.182858
0	74.03965	37.148626
0	73.993512	37.123523
0	73.949679	37.08016
0	73.919692	37.057339
0	73.903546	37.016263
0	73.836644	37.018544
0	73.755902	37.009414
0	73.689	36.998003
0	73.626716	36.995722
0	73.60134	37.000284
0	73.566737	36.977463
0	73.53675	36.963771
0	73.509064	36.950079
0	73.469848	36.963771
0	73.451391	36.984311
0	73.384494	36.988874
0	73.294523	36.986592
0	73.234544	36.993441
0	73.190712	36.975182
0	73.130733	36.954641
0	73.03615	36.950079
0	72.97156	36.94323
0	72.923116	36.950079
0	72.895429	36.968333
0	72.835451	36.968333
0	72.780089	36.979744
0	72.713187	36.998003
0	72.676277	37.020825
0	72.584001	37.011695
0	72.482495	36.993441
0	72.390224	36.991155
0	72.29333	36.95236
0	72.201058	36.902154
0	72.092635	36.83597
0	72.014199	36.781197
0	71.921922	36.72871
0	71.875784	36.692197
0	71.781201	36.667094
0	71.705076	36.660245
0	71.642791	36.683067
0	71.592036	36.72871
0	71.54067	36.69642
0	71.499309	36.681077
0	71.460533	36.637603
0	71.414004	36.624816
0	71.393321	36.61203
0	71.393321	36.583899
0	71.385568	36.555769
0	71.346792	36.5481
0	71.287332	36.558325
0	71.243387	36.589017
0	71.181348	36.606917
0	71.152913	36.64016
0	71.129646	36.678521
0	71.119304	36.714325
0	71.083117	36.752686
0	71.072775	36.785929
0	71.067602	36.826846
0	71.072775	36.867763
0	71.062434	36.911236
0	71.023657	36.949597
0	70.961618	36.95471
0	70.894406	36.957271
0	70.822021	36.96494
0	70.788418	37.026319
0	70.76515	37.06468
0	70.72379	37.069792
0	70.677261	37.051893
0	70.630732	37.049331
0	70.597123	37.072349
0	70.599707	37.103035
0	70.581613	37.110709
0	70.527327	37.080023
0	70.524743	37.12094
0	70.514401	37.161857
0	70.467872	37.205331
0	70.429095	37.22323
0	70.379977	37.218117
0	70.328275	37.225786
0	70.299839	37.213005
0	70.276578	37.220674
0	70.248142	37.187431
0	70.199024	37.151626
0	70.178346	37.118384
0	70.162831	37.090248
0	70.168005	37.059562
0	70.126644	37.028875
0	70.100793	36.993071
0	70.077526	36.96494
0	70.054258	36.944484
0	70.020655	36.924023
0	69.948275	36.906124
0	69.888815	36.901011
0	69.870721	36.872876
0	69.82936	36.883106
0	69.790584	36.88055
0	69.788	36.847307
0	69.754396	36.831958
0	69.720788	36.888224
0	69.707862	36.924023
0	69.653576	36.944484
0	69.630314	36.972615
0	69.599289	36.998189
0	69.532077	37.039106
0	69.477791	37.051893
0	69.40541	37.054449
0	69.345309	37.034819
0	69.340782	37.0
0	69.0	37.0
0	68.0	37.0
0	67.0	37.0
0	66.0	37.0
0	65.0	37.0
0	65.0	38.0
0	65.0	39.0
0	65.0	40.0
0	65.0	41.0
0	65.0	42.0
0	65.0	43.0
0	65.0	44.0
0	65.0	45.0
0	65.0	46.0
0	66.0	46.0
0	67.0	46.0
0	68.0	46.0
0	69.0	46.0
0	70.0	46.0
0	71.0	46.0
0	72.0	46.0
0	73.0	46.0
0	74.0	46.0
0	75.0	46.0
0	76.0	46.0
0	77.0	46.0
0	78.0	46.0
0	79.0	46.0
0	80.0	46.0
