0	-133.0	54.5
0	-134.0	54.5
0	-134.0	54.0
0	-134.0	53.0
0	-134.0	52.0
0	-134.0	51.0
0	-134.001648	50.0
0	-135.0	50.0
0	-136.0	50.0
0	-137.0	50.0
0	-138.0	50.0
0	-139.0	50.0
0	-140.0	50.0
0	-141.0	50.0
0	-142.0	50.0
0	-143.0	50.0
0	-144.0	50.0
0	-145.0	50.0
0	-146.0	50.0
0	-147.0	50.0
0	-148.0	50.0
0	-149.0	50.0
0	-150.0	50.0
0	-151.0	50.0
0	-152.0	50.0
0	-153.0	50.0
0	-154.0	50.0
0	-155.0	50.0
0	-156.0	50.0
0	-157.0	50.0
0	-158.0	50.0
0	-159.0	50.0
0	-160.0	50.0
0	-161.0	50.0
0	-162.0	50.0
0	-163.0	50.0
0	-164.0	50.0
0	-165.0	50.0
0	-166.0	50.0
0	-167.0	50.0
0	-168.0	50.0
0	-169.0	50.0
0	-170.0	50.0
0	-171.0	50.0
0	-172.0	50.0
0	-173.0	50.0
0	-174.0	50.0
0	-175.0	50.0
0	-176.0	50.0
0	-177.0	50.0
0	-178.0	50.0
0	-179.0	50.0
0	-180.0	50.0
0	-180.0	51.0
0	-180.0	52.0
0	-180.0	53.0
0	-180.0	54.0
0	-180.0	55.0
0	-180.0	56.0
0	-180.0	57.0
0	-179.0	57.0
0	-178.0	57.0
0	-177.0	57.0
0	-176.0	57.0
0	-175.0	57.0
0	-174.0	57.0
0	-173.0	57.0
0	-172.0	57.0
0	-171.0	57.0
0	-170.0	57.0
0	-169.0	57.0
0	-169.0	58.0
0	-169.0	59.0
0	-169.0	60.0
0	-169.0	61.0
0	-169.0	62.0
0	-169.0	63.0
0	-169.0	64.0
0	-169.0	65.0
0	-169.0	66.0
0	-169.0	67.0
0	-169.0	68.0
0	-169.0	69.0
0	-169.0	70.0
0	-169.0	71.0
0	-169.0	72.0
0	-168.0	72.0
0	-167.0	72.0
0	-166.0	72.0
0	-165.0	72.0
0	-164.0	72.0
0	-163.0	72.0
0	-162.0	72.0
0	-161.0	72.0
0	-160.0	72.0
0	-159.0	72.0
0	-158.0	72.0
0	-157.0	72.0
0	-156.0	72.0
0	-155.0	72.0
0	-154.0	72.0
0	-153.0	72.0
0	-152.0	72.0
0	-151.0	72.0
0	-150.0	72.0
0	-149.0	72.0
0	-148.0	72.0
0	-147.0	72.0
0	-146.0	72.0
0	-145.0	72.0
0	-144.0	72.0
0	-143.0	72.0
0	-142.0	72.0
0	-141.0	72.0
0	-140.0	72.0
0	-139.0	72.0
0	-138.0	72.0
0	-137.0	72.0
0	-136.0	72.0
0	-135.0	72.0
0	-134.0	72.0
0	-134.0	71.0
0	-134.0	70.0
0	-134.0	69.0
0	-134.0	68.0
0	-134.0	67.0
0	-134.0	66.0
0	-134.0	65.0
0	-134.0	64.0
0	-134.0	63.0
0	-134.0	62.4
0	-133.0	62.4
0	-132.0	62.4
0	-132.0	62.0
0	-132.0	61.0
0	-131.91555221	61.0
0	-131.91294005	60.99758653
0	-131.87635855	60.97879146
0	-131.84238979	60.97069262
0	-131.85655146	60.84467341
0	-131.75052463	60.81408547
0	-131.52260786	60.77992553
0	-131.50237898	60.76656114
0	-131.52592596	60.71549294
0	-131.49470291	60.69959236
0	-131.43457489	60.67230525
0	-131.2381572	60.67879889
0	-131.18300244	60.65796575
0	-131.14177658	60.62141428
0	-131.08067883	60.59051362
0	-130.87634731	60.53948937
0	-130.85907828	60.5143988
0	-130.91781298	60.49537094
0	-131.07884435	60.49787015
0	-131.18152373	60.49129655
0	-131.21730517	60.50043858
0	-131.37265218	60.52748137
0	-131.38983976	60.53076834
0	-131.39920704	60.52995624
0	-131.4098249	60.5285566
0	-131.4264856	60.52473427
0	-131.44378883	60.5198892
0	-131.45838796	60.51574258
0	-131.46546645	60.50969302
0	-131.47196313	60.50505929
0	-131.48229792	60.50116505
0	-131.48399048	60.50094197
0	-131.4868687	60.50066001
0	-131.48754231	60.50044932
0	-131.39187062	60.44686988
0	-131.38662719	60.4409249
0	-131.38222535	60.43885197
0	-131.36861845	60.43402851
0	-131.34952732	60.42902214
0	-131.32855125	60.42311347
0	-131.30391564	60.41743542
0	-131.29126119	60.41363779
0	-131.28938586	60.40630724
0	-131.29305936	60.39969044
0	-131.30932547	60.39258029
0	-131.34172908	60.38408202
0	-131.35398221	60.38168512
0	-131.36808186	60.3743028
0	-131.3776496	60.36811594
0	-131.39424083	60.35952608
0	-131.40338702	60.35728462
0	-131.42496946	60.33148878
0	-131.3860768	60.28191419
0	-131.38207808	60.20579291
0	-131.26038088	60.21846116
0	-131.24454269	60.24241231
0	-131.15890235	60.24488326
0	-131.09917668	60.19549327
0	-131.06003232	60.17258728
0	-131.00331397	60.1565131
0	-130.96318582	60.143056
0	-130.96310722	60.14283477
0	-130.96297166	60.14273684
0	-130.95122092	60.13888455
0	-130.92556663	60.13178378
0	-130.91920971	60.1171203
0	-130.92223367	60.1082884
0	-130.92448104	60.09385941
0	-130.94445744	60.06542744
0	-130.9485606	60.06146686
0	-130.94858504	60.06140854
0	-130.90968709	60.00036478
0	-130.909559083	60.0000877823
0	-130.9095216	59.9999561829
0	-130.9094196	59.99952329
0	-130.90934848	59.99929446
0	-130.9090209	59.99865785
0	-130.90903516	59.99835349
0	-130.90911904	59.99527937
0	-130.90493254	59.99120812
0	-130.89665522	59.98978298
0	-130.8845804	59.990127
0	-130.87929603	59.98403172
0	-130.87826957	59.98127991
0	-130.87821573	59.97616151
0	-130.87603814	59.97360275
0	-130.86439269	59.96689647
0	-130.85317608	59.96367735
0	-130.84597239	59.95944176
0	-130.83692143	59.95860676
0	-130.8300643	59.95957328
0	-130.82101807	59.95559488
0	-130.81277714	59.95570743
0	-130.79929776	59.95344427
0	-130.78783945	59.95202836
0	-130.78579929	59.94748437
0	-130.78665207	59.94281811
0	-130.78201678	59.93970537
0	-130.77379619	59.94010764
0	-130.77178541	59.94380373
0	-130.76618364	59.94323654
0	-130.75654857	59.93998941
0	-130.74954326	59.94034279
0	-130.74560726	59.94388884
0	-130.7366254	59.94196738
0	-130.73093463	59.93965415
0	-130.72375527	59.94117648
0	-130.71489658	59.94274686
0	-130.70986392	59.94313101
0	-130.69903927	59.9414346
0	-130.6885677	59.94212231
0	-130.68308294	59.94158054
0	-130.67397015	59.94155372
0	-130.66661737	59.94196665
0	-130.66293202	59.93787801
0	-130.65849999	59.93508235
0	-130.66112365	59.92945862
0	-130.67254785	59.92931814
0	-130.68161907	59.92969647
0	-130.68079406	59.92598056
0	-130.68296795	59.9206863
0	-130.68133525	59.91587582
0	-130.68038248	59.91309455
0	-130.67774602	59.90908218
0	-130.68136197	59.90603705
0	-130.68145389	59.90207974
0	-130.68375118	59.89820459
0	-130.68747727	59.89271535
0	-130.68891897	59.88914399
0	-130.69757041	59.88941573
0	-130.71016789	59.88532173
0	-130.71755353	59.88356493
0	-130.72624716	59.87792333
0	-130.72859406	59.87402132
0	-130.72222786	59.86959119
0	-130.71597892	59.86632815
0	-130.70729459	59.86300659
0	-130.69999697	59.85724938
0	-130.70468682	59.85607963
0	-130.71162796	59.85366286
0	-130.71405662	59.84909183
0	-130.71978278	59.84674489
0	-130.72685012	59.8457222
0	-130.72900065	59.8413554
0	-130.72261266	59.83643262
0	-130.71569004	59.83457397
0	-130.71930651	59.83176127
0	-130.71864776	59.8279573
0	-130.71790608	59.82249175
0	-130.70848322	59.82028876
0	-130.70369867	59.82177521
0	-130.69650105	59.82012119
0	-130.69152524	59.81666378
0	-130.68706784	59.81654667
0	-130.68273468	59.81660273
0	-130.67496786	59.81279925
0	-130.66967158	59.81091254
0	-130.6667093	59.80833246
0	-130.67446283	59.80497433
0	-130.6733395	59.80216406
0	-130.66583171	59.79876604
0	-130.66684125	59.79348504
0	-130.66160373	59.79040739
0	-130.65745327	59.78827756
0	-130.65676373	59.78479374
0	-130.65020373	59.78298508
0	-130.64257957	59.78304968
0	-130.63125102	59.77815125
0	-130.62850009	59.77501646
0	-130.62557536	59.77181961
0	-130.6189894	59.76575726
0	-130.6170454	59.76013688
0	-130.62482891	59.75514961
0	-130.63407538	59.75058073
0	-130.63797544	59.74723194
0	-130.65017097	59.74654811
0	-130.65315038	59.74312879
0	-130.64622154	59.74077753
0	-130.64038327	59.73691202
0	-130.63766301	59.73244736
0	-130.63430661	59.73043194
0	-130.63033679	59.72660177
0	-130.63394342	59.72294079
0	-130.6297568	59.71940437
0	-130.62940051	59.7168544
0	-130.62961101	59.71396824
0	-130.63154717	59.71071096
0	-130.6353279	59.70825147
0	-130.63615882	59.70504044
0	-130.63504902	59.70011402
0	-130.63268589	59.69694173
0	-130.63325688	59.69311306
0	-130.62882923	59.68928802
0	-130.62004514	59.6868102
0	-130.620386	59.68177619
0	-130.62176309	59.67779319
0	-130.6238792	59.67344224
0	-130.63163227	59.67155358
0	-130.63513793	59.67068918
0	-130.63426555	59.66587736
0	-130.63482966	59.6631404
0	-130.63337259	59.65945272
0	-130.63176002	59.65609099
0	-130.62797389	59.65346147
0	-130.62105813	59.65099179
0	-130.61500457	59.64824169
0	-130.61584657	59.64520468
0	-130.61973344	59.64145313
0	-130.62279612	59.6351275
0	-130.62703545	59.62910595
0	-130.630898	59.62494407
0	-130.63683255	59.6228991
0	-130.6474008	59.61944868
0	-130.64848718	59.61549627
0	-130.65356416	59.61375231
0	-130.66136267	59.60954003
0	-130.66855587	59.60718555
0	-130.66590745	59.60407618
0	-130.66984554	59.60037982
0	-130.67049831	59.59596073
0	-130.66172234	59.59322084
0	-130.65522674	59.59195226
0	-130.6491726	59.59023655
0	-130.64020985	59.58831841
0	-130.63561742	59.58564173
0	-130.63223315	59.58159617
0	-130.62644432	59.5805518
0	-130.62030008	59.57927578
0	-130.61477219	59.57757898
0	-130.60709509	59.57696838
0	-130.59725283	59.57843956
0	-130.58913048	59.57698242
0	-130.57915303	59.57551254
0	-130.5710555	59.57337721
0	-130.56253057	59.56939314
0	-130.55732816	59.56968773
0	-130.54837186	59.57147124
0	-130.54147975	59.56896476
0	-130.54134768	59.56605677
0	-130.53574778	59.56521134
0	-130.53025106	59.565333
0	-130.51631901	59.56596295
0	-130.50783086	59.56791579
0	-130.50180329	59.56969219
0	-130.49492761	59.57118044
0	-130.48738686	59.57649746
0	-130.47549907	59.58265019
0	-130.46625372	59.57936766
0	-130.45588364	59.57942488
0	-130.44766814	59.57598213
0	-130.43899234	59.5737968
0	-130.43508884	59.57410475
0	-130.42652634	59.57054309
0	-130.41784619	59.56684195
0	-130.41117286	59.56565697
0	-130.40397363	59.56430223
0	-130.396623	59.56067167
0	-130.39971686	59.55613902
0	-130.40817001	59.55175158
0	-130.41601452	59.54664202
0	-130.41983426	59.54449426
0	-130.4177953	59.53698095
0	-130.41641575	59.53427932
0	-130.41157703	59.53003386
0	-130.40750497	59.52756815
0	-130.40313819	59.52638321
0	-130.40420594	59.52301432
0	-130.40571355	59.51917066
0	-130.40640352	59.51616838
0	-130.40121775	59.51337195
0	-130.40222609	59.51000281
0	-130.41452972	59.50721148
0	-130.41653751	59.50026553
0	-130.42254021	59.49892942
0	-130.42991994	59.49806738
0	-130.44142091	59.4977111
0	-130.44265604	59.49745607
0	-130.44309672	59.49558974
0	-130.44036584	59.49126872
0	-130.4382492	59.48777785
0	-130.43270539	59.48520054
0	-130.42847482	59.48262324
0	-130.42959441	59.47935766
0	-130.43082849	59.47621324
0	-130.4305901	59.47410036
0	-130.42856296	59.47214517
0	-130.4231708	59.47032956
0	-130.41790721	59.46788817
0	-130.41544819	59.46344455
0	-130.4147431	59.46175597
0	-130.4106888	59.46060951
0	-130.40795656	59.45785447
0	-130.40188393	59.45661025
0	-130.39976865	59.45278873
0	-130.40135511	59.44933159
0	-130.39589944	59.44782076
0	-130.39593341	59.44575437
0	-130.39703641	59.44479909
0	-130.39686013	59.44222179
0	-130.39448925	59.43574298
0	-130.38717389	59.43041063
0	-130.38804631	59.42844689
0	-130.38858408	59.42482054
0	-130.39122819	59.41931933
0	-130.38999427	59.4162088
0	-130.38708576	59.41398698
0	-130.38246356	59.41303037
0	-130.37682995	59.41160755
0	-130.37458795	59.40857464
0	-130.37070993	59.40715268
0	-130.36543053	59.40670832
0	-130.36084742	59.40430876
0	-130.35785076	59.40119822
0	-130.35873213	59.40013175
0	-130.36322711	59.39782996
0	-130.3629627	59.39631912
0	-130.35705753	59.39338633
0	-130.35732194	59.38956481
0	-130.35468665	59.38495233
0	-130.35573548	59.38095306
0	-130.35512734	59.37740705
0	-130.36005763	59.37662841
0	-130.36252202	59.37536298
0	-130.36331525	59.37349666
0	-130.36058301	59.3691419
0	-130.36208133	59.3681643
0	-130.36700818	59.36887528
0	-130.37097434	59.37029724
0	-130.37792834	59.37091935
0	-130.382864	59.37349666
0	-130.38586065	59.37758479
0	-130.39140446	59.37873125
0	-130.39712454	59.37634058
0	-130.40364667	59.37091935
0	-130.41024812	59.37047499
0	-130.41097457	59.36817381
0	-130.40980743	59.3652404
0	-130.40778029	59.36319633
0	-130.41077694	59.35795285
0	-130.41253968	59.35707301
0	-130.40311785	59.35245164
0	-130.39225201	59.35231777
0	-130.38649411	59.3531331
0	-130.38330469	59.35431796
0	-130.37751638	59.35030098
0	-130.37676538	59.34720661
0	-130.37462704	59.34349212
0	-130.37392783	59.34161321
0	-130.37472829	59.33899602
0	-130.37216972	59.33745905
0	-130.37018111	59.33531701
0	-130.37150316	59.33087339
0	-130.3742354	59.33105113
0	-130.37591304	59.33318615
0	-130.38275049	59.33662063
0	-130.39181208	59.33887315
0	-130.39327134	59.33981397
0	-130.39548091	59.34106514
0	-130.40231048	59.34009415
0	-130.40698706	59.33824092
0	-130.41680315	59.33903905
0	-130.4243821	59.33837709
0	-130.42546604	59.33584064
0	-130.42792955	59.3336682
0	-130.43268594	59.33068709
0	-130.43252911	59.326963
0	-130.42900364	59.32395022
0	-130.42917991	59.3211063
0	-130.42152082	59.31631607
0	-130.42028691	59.31311666
0	-130.41632956	59.31045048
0	-130.42258213	59.30627908
0	-130.42754174	59.3028615
0	-130.42628021	59.30103888
0	-130.42134455	59.29917256
0	-130.41993436	59.29296036
0	-130.41720212	59.29011644
0	-130.42001423	59.28827738
0	-130.4243412	59.28682816
0	-130.42997315	59.28665041
0	-130.43228575	59.28489604
0	-130.43789665	59.28363764
0	-130.44018821	59.28034935
0	-130.43965938	59.27617234
0	-130.44221478	59.27574252
0	-130.44618088	59.27303585
0	-130.45324997	59.27135829
0	-130.45570503	59.26785418
0	-130.45696892	59.26291439
0	-130.45859212	59.25854475
0	-130.46115329	59.25617095
0	-130.46606167	59.25440651
0	-130.47152447	59.25634243
0	-130.47515209	59.2571714
0	-130.4787921	59.25672169
0	-130.48371106	59.25779806
0	-130.48581346	59.259251
0	-130.4875918	59.25966926
0	-130.48950709	59.25827613
0	-130.4893527	59.2534136
0	-130.47793801	59.24689776
0	-130.46655305	59.23727411
0	-130.44708394	59.23502258
0	-130.44818115	59.22610191
0	-130.44323578	59.21527175
0	-130.4136131	59.21842628
0	-130.39196607	59.21123657
0	-130.38438501	59.20209367
0	-130.37938956	59.19230903
0	-130.37266475	59.17465201
0	-130.37434221	59.15862606
0	-130.39291527	59.14981148
0	-130.41641522	59.14527885
0	-130.43387984	59.13475011
0	-130.44759439	59.12691011
0	-130.43980836	59.11393485
0	-130.45853151	59.09927759
0	-130.43396	59.08014187
0	-130.43266876	59.06560154
0	-130.46478553	59.06171403
0	-130.48450271	59.05103958
0	-130.48067432	59.03702266
0	-130.48190758	59.02114219
0	-130.46369274	59.00586299
0	-130.46331306	58.99481972
0	-130.49503545	58.98272303
0	-130.49763486	58.9745056
0	-130.49893551	58.96642523
0	-130.47227453	58.95759205
0	-130.50748026	58.95143847
0	-130.52342976	58.95266287
0	-130.54203986	58.94450139
0	-130.55263256	58.94531474
0	-130.56224282	58.95466959
0	-130.5659899	58.96102086
0	-130.57687165	58.96948098
0	-130.59384546	58.96795688
0	-130.61028579	58.96224749
0	-130.62762905	58.9552904
0	-130.63262419	58.94300298
0	-130.64000707	58.93080131
0	-130.63196138	58.92248628
0	-130.63447847	58.91310499
0	-130.64405158	58.90427965
0	-130.65759929	58.89692639
0	-130.67040561	58.89084259
0	-130.66544575	58.88058557
0	-130.6657145	58.87058506
0	-130.66496854	58.86314421
0	-130.66219274	58.85227669
0	-130.65277138	58.84324831
0	-130.6648563	58.84385609
0	-130.68390758	58.84337995
0	-130.6969829	58.83394389
0	-130.71111731	58.83487492
0	-130.7280912	58.82465243
0	-130.72151292	58.81586057
0	-130.72744645	58.80651669
0	-130.7171408	58.79685919
0	-130.70623244	58.79216091
0	-130.69655597	58.78360822
0	-130.6915642	58.74195283
0	-130.66668053	58.71817148
0	-130.61315819	58.72015924
0	-130.62502717	58.70871164
0	-130.63110567	58.69809938
0	-130.62242967	58.68634425
0	-130.60791468	58.68149065
0	-130.55263195	58.70066533
0	-130.54080257	58.70689644
0	-130.52836286	58.69503032
0	-130.51376879	58.69611457
0	-130.50267859	58.69185043
0	-130.4923135	58.68463369
0	-130.47951605	58.67523606
0	-130.49431421	58.66647011
0	-130.51711766	58.66440426
0	-130.53374717	58.66759343
0	-130.55808783	58.66622162
0	-130.57605764	58.65991387
0	-130.57220508	58.64539522
0	-130.58929609	58.63097347
0	-130.59261804	58.61801433
0	-130.56976207	58.61643394
0	-130.55162242	58.61297121
0	-130.54269982	58.60739291
0	-130.54047106	58.60012274
0	-130.53165185	58.59554306
0	-130.52522752	58.58354906
0	-130.52176443	58.57617528
0	-130.53663695	58.56555316
0	-130.55405141	58.55701993
0	-130.54590251	58.54781318
0	-130.55189889	58.53405687
0	-130.53650261	58.53058532
0	-130.53358756	58.5268834
0	-130.54337336	58.51361443
0	-130.55022974	58.50034618
0	-130.54622283	58.49107546
0	-130.5314852	58.49139425
0	-130.51667466	58.47660525
0	-130.4963084	58.47107215
0	-130.47331376	58.4698851
0	-130.4532205	58.46244569
0	-130.44633288	58.47152289
0	-130.43436265	58.47708562
0	-130.43476523	58.48840172
0	-130.4311588	58.49951048
0	-130.423184	58.51360685
0	-130.42380488	58.52372352
0	-130.41454621	58.53068789
0	-130.40438542	58.54010695
0	-130.37108211	58.54026197
0	-130.35631248	58.53617447
0	-130.35118446	58.52887635
0	-130.33088968	58.52576923
0	-130.30745338	58.5300726
0	-130.23271664	58.5348413
0	-130.21239608	58.53348321
0	-130.19942297	58.5329894
0	-130.20297202	58.52562769
0	-130.22342561	58.51144903
0	-130.22065685	58.49977902
0	-130.2035364	58.48690231
0	-130.19393323	58.47836881
0	-130.1658657	58.47447622
0	-130.15633715	58.46780019
0	-130.14406056	58.46860522
0	-130.12153925	58.4662481
0	-130.11155085	58.46581326
0	-130.09604248	58.46608946
0	-130.08744834	58.45695855
0	-130.06846378	58.45749861
0	-130.0713431	58.44644346
0	-130.06963688	58.43214829
0	-130.06307759	58.42749672
0	-130.04788191	58.43209154
0	-130.03103217	58.43704551
0	-129.98836873	58.43491306
0	-129.97482034	58.42366979
0	-129.92598249	58.41723882
0	-129.90929997	58.41872682
0	-129.87350894	58.41690601
0	-129.84203857	58.4142824
0	-129.82892932	58.40521899
0	-129.81058801	58.3946511
0	-129.7863261	58.39332358
0	-129.74849774	58.39665553
0	-129.73634326	58.3921985
0	-129.719727	58.39391818
0	-129.69169482	58.39198443
0	-129.66718106	58.40056539
0	-129.645255	58.39986477
0	-129.62720113	58.41470583
0	-129.63224523	58.4367756
0	-129.63341859	58.45578831
0	-129.60401095	58.46031313
0	-129.59617851	58.45283166
0	-129.58585826	58.44190442
0	-129.5688892	58.43057426
0	-129.53609473	58.4218425
0	-129.52082143	58.41416054
0	-129.52811201	58.38826508
0	-129.52256667	58.38205668
0	-129.53198718	58.37753191
0	-129.55026523	58.35663953
0	-129.54915804	58.34648032
0	-129.57352564	58.34252952
0	-129.5884201	58.32359594
0	-129.61118893	58.31203276
0	-129.61063533	58.30300235
0	-129.60287561	58.29735835
0	-129.63223496	58.29057598
0	-129.63056478	58.27985237
0	-129.6150641	58.27533717
0	-129.60717537	58.26367697
0	-129.57802008	58.25710612
0	-129.54380153	58.24555039
0	-129.5003123	58.25846539
0	-129.47908972	58.27231862
0	-129.45475295	58.28216699
0	-129.44738888	58.29324509
0	-129.44226711	58.30300235
0	-129.41262354	58.31560271
0	-129.38134341	58.32276593
0	-129.32986253	58.30993974
0	-129.31543735	58.29679395
0	-129.28830176	58.29057598
0	-129.2606032	58.29340755
0	-129.24842409	58.28436757
0	-129.22663784	58.28144385
0	-129.20513503	58.26670457
0	-129.18473241	58.25613799
0	-129.1711787	58.25601573
0	-129.15380463	58.24863941
0	-129.13499591	58.24518785
0	-129.11711362	58.24040848
0	-129.09168138	58.23919641
0	-129.07451991	58.24032521
0	-129.06517011	58.24877737
0	-129.02356094	58.23976081
0	-129.02299182	58.2324877
0	-128.98257607	58.22620563
0	-128.97108481	58.21628296
0	-128.94436857	58.21153122
0	-128.91999159	58.20870922
0	-128.91556282	58.20362005
0	-128.90457377	58.20431959
0	-128.90781248	58.21717522
0	-128.87679234	58.21435322
0	-128.88567492	58.22127781
0	-128.89282002	58.23465062
0	-128.88067689	58.24653361
0	-128.88123049	58.26403959
0	-128.84576881	58.2629546
0	-128.82415449	58.25066499
0	-128.79039384	58.24766241
0	-128.78707227	58.25670239
0	-128.7615949	58.2508475
0	-128.7408406	58.2594111
0	-128.71625737	58.26724415
0	-128.69437701	58.27122138
0	-128.66644446	58.26199833
0	-128.64474182	58.25557359
0	-128.63919648	58.2324236
0	-128.62761261	58.23133471
0	-128.6099471	58.22295124
0	-128.59739236	58.2115317
0	-128.58437172	58.19346084
0	-128.58381812	58.17482606
0	-128.56996884	58.15788448
0	-128.55224439	58.15336928
0	-128.55113719	58.14208127
0	-128.5367437	58.1386853
0	-128.5367437	58.1336057
0	-128.52796835	58.13127014
0	-128.50573884	58.13951616
0	-128.49512882	58.14607653
0	-128.49713142	58.15532281
0	-128.47138185	58.16523125
0	-128.45643476	58.16805325
0	-128.4392639	58.15449808
0	-128.42928979	58.14828967
0	-128.42153945	58.15506248
0	-128.40825315	58.18103446
0	-128.37404086	58.17752088
0	-128.35335711	58.18405268
0	-128.33324356	58.19188488
0	-128.309666	58.19981627
0	-128.29519489	58.20999059
0	-128.28786737	58.22220607
0	-128.29736367	58.23332418
0	-128.30378763	58.24450927
0	-128.30629451	58.26060872
0	-128.30246942	58.27138636
0	-128.3182653	58.28880759
0	-128.32517623	58.31090396
0	-128.28862013	58.32840994
0	-128.2803162	58.34478712
0	-128.26093096	58.35268872
0	-128.27987822	58.36785494
0	-128.29200021	58.38396259
0	-128.30995843	58.39676084
0	-128.26646691	58.41762347
0	-128.23656335	58.41931667
0	-128.21329356	58.42722784
0	-128.18551447	58.42634732
0	-128.15080281	58.42472655
0	-128.11783308	58.42226873
0	-128.08548298	58.43015532
0	-128.0486637	58.43259306
0	-128.01885072	58.4400993
0	-127.97292972	58.42270307
0	-127.95354448	58.42497024
0	-127.94524054	58.41762347
0	-127.91865855	58.41762347
0	-127.89095999	58.40011749
0	-127.86216362	58.39673109
0	-127.8452538	58.40782865
0	-127.81951797	58.41254387
0	-127.80677588	58.40351346
0	-127.80441346	58.39116534
0	-127.78740002	58.38770068
0	-127.7950903	58.36161838
0	-127.76687652	58.35684566
0	-127.73644105	58.34365832
0	-127.70819827	58.35494632
0	-127.70448758	58.36749557
0	-127.67555976	58.36353873
0	-127.67441016	58.35720393
0	-127.64893536	58.35663953
0	-127.64070649	58.34917796
0	-127.62914665	58.34983802
0	-127.62831157	58.34901534
0	-127.62903406	58.3445671
0	-127.62803946	58.33945879
0	-127.6399027	58.33398792
0	-127.62681029	58.32658281
0	-127.61714942	58.32411513
0	-127.61214469	58.32408606
0	-127.61751545	58.31652923
0	-127.6087559	58.31270578
0	-127.58594268	58.30011292
0	-127.59471389	58.298467
0	-127.6031762	58.3001959
0	-127.61278286	58.29937543
0	-127.64179861	58.3001213
0	-127.66399961	58.30192813
0	-127.67164218	58.30580522
0	-127.68643956	58.29792986
0	-127.71053099	58.2781638
0	-127.71582918	58.27277428
0	-127.71591149	58.26775464
0	-127.70416007	58.26232842
0	-127.6859218	58.25766992
0	-127.67810071	58.25361057
0	-127.68451216	58.24760483
0	-127.68277473	58.23894555
0	-127.67164218	58.23227054
0	-127.66947888	58.22699508
0	-127.67164218	58.22147041
0	-127.66878975	58.2181414
0	-127.65493109	58.21606556
0	-127.65041343	58.21032069
0	-127.67415189	58.20515413
0	-127.67817591	58.20083892
0	-127.6710528	58.19660615
0	-127.68473011	58.19126802
0	-127.68644342	58.18594131
0	-127.67337857	58.18283279
0	-127.67619518	58.18028373
0	-127.68449485	58.17301344
0	-127.67599943	58.16651184
0	-127.66358651	58.16163067
0	-127.66367259	58.1579562
0	-127.65270717	58.15264919
0	-127.63263317	58.15097953
0	-127.61341832	58.15430143
0	-127.60000862	58.15342856
0	-127.58803239	58.15584586
0	-127.57773115	58.15920628
0	-127.5668414	58.16322479
0	-127.55155076	58.15882732
0	-127.55126048	58.15304956
0	-127.551451	58.14757152
0	-127.54209264	58.14830848
0	-127.52953321	58.14340151
0	-127.50810489	58.13778889
0	-127.48924595	58.14494779
0	-127.48171569	58.14187416
0	-127.47704158	58.13560253
0	-127.46776679	58.13399997
0	-127.45960104	58.13000211
0	-127.459433502	58.1263168467
0	-127.44612595	58.12007377
0	-127.428132469	58.1180660956
0	-127.4116842	58.11226172
0	-127.40820558	58.11174714
0	-127.40756852	58.1098153445
0	-127.404890877	58.1061235412
0	-127.40166842	58.10388836
0	-127.41074315	58.09961278
0	-127.4210033	58.0966968
0	-127.42984971	58.09241454
0	-127.43967895	58.09152191
0	-127.44387496	58.08449497
0	-127.44225605	58.07768429
0	-127.45003229	58.0759572
0	-127.46005907	58.07586308
0	-127.46651613	58.07280773
0	-127.4686013	58.06769465
0	-127.47268034	58.06273251
0	-127.479187	58.05689999
0	-127.47653102	58.04921527
0	-127.48620134	58.04143609
0	-127.48590057	58.03410213
0	-127.4933838	58.02782337
0	-127.51737142	58.0162584
0	-127.52385062	58.00978552
0	-127.53213321	58.00430305
0	-127.54343791	58.0026278
0	-127.56453648	58.00400907
0	-127.57155649	58.00110501
0	-127.57264128	57.99753648
0	-127.58389101	57.98734977
0	-127.58819629	57.98373393
0	-127.58496219	57.98093063
0	-127.57979724	57.97709163
0	-127.56552664	57.97491818
0	-127.55814663	57.97175379
0	-127.55839324	57.96695047
0	-127.56035607	57.96438644
0	-127.55964228	57.96166431
0	-127.53822355	57.95505104
0	-127.53433614	57.95366726
0	-127.52279115	57.95480943
0	-127.50185633	57.94773607
0	-127.49070076	57.94350798
0	-127.5037431	57.93685953
0	-127.50496289	57.9260594
0	-127.49819168	57.92436366
0	-127.47440252	57.91359476
0	-127.47491529	57.90752002
0	-127.46561833	57.8982813
0	-127.44750151	57.90029787
0	-127.42953423	57.90552827
0	-127.41584045	57.91092693
0	-127.40879312	57.91245459
0	-127.40199182	57.90969206
0	-127.37863043	57.91276251
0	-127.36885336	57.91110757
0	-127.3570308	57.91816736
0	-127.35132595	57.9243949
0	-127.35621448	57.93270784
0	-127.33446091	57.93497885
0	-127.31659738	57.93406793
0	-127.31016281	57.94517248
0	-127.30093133	57.94302059
0	-127.28420336	57.93920065
0	-127.27246802	57.93420761
0	-127.26370767	57.93187559
0	-127.26167156	57.9243949
0	-127.26370767	57.9202432
0	-127.25759106	57.91529063
0	-127.26670012	57.90910947
0	-127.27653648	57.90035136
0	-127.26697294	57.89364942
0	-127.26615663	57.88701054
0	-127.27511737	57.88492513
0	-127.27633716	57.87662175
0	-127.28815972	57.87246049
0	-127.28449097	57.85999585
0	-127.29497221	57.85613183
0	-127.2934611	57.85044887
0	-127.28000591	57.84961662
0	-127.2592226	57.85127156
0	-127.24903268	57.83798423
0	-127.26452399	57.82759544
0	-127.26248788	57.82343418
0	-127.24537332	57.82219059
0	-127.22539695	57.81678574
0	-127.22254453	57.8122227
0	-127.20501299	57.81356892
0	-127.18139077	57.81180179
0	-127.1385011	57.80400028
0	-127.11130505	57.80444985
0	-127.093817	57.81344046
0	-127.07756403	57.81157744
0	-127.0375309	57.8151308
0	-127.01698524	57.82322382
0	-127.00552732	57.8235455
0	-127.0026749	57.82815349
0	-127.00051394	57.83508185
0	-126.99425372	57.84046863
0	-126.99945638	57.84491134
0	-127.00069497	57.84955842
0	-126.99232338	57.85292601
0	-126.98240045	57.85700743
0	-126.98230967	57.86350194
0	-126.97267616	57.87123596
0	-126.96836112	57.87941372
0	-126.951273327	57.8891742904
0	-126.938061852	57.8881611909
0	-126.930753564	57.8905222279
0	-126.921713203	57.8912004894
0	-126.90099213	57.88426473
0	-126.898056267	57.8675471915
0	-126.886003	57.8502349327
0	-126.87617462	57.82163449
0	-126.879100672	57.7987594517
0	-126.903868	57.7948744851
0	-126.92428	57.7845744444
0	-126.942136	57.75754365
0	-126.958864402	57.7462156464
0	-126.95015339	57.72624732
0	-126.936462335	57.6989691496
0	-126.926087571	57.6963162026
0	-126.897487	57.6867331413
0	-126.864322	57.6777137936
0	-126.861766	57.6648432843
0	-126.888559	57.644243203
0	-126.8880841	57.6282488454
0	-126.8581115	57.6274768496
0	-126.855063741	57.6182903689
0	-126.8499429	57.6142741466
0	-126.836251	57.6056225921
0	-126.808189	57.591462307
0	-126.791684008	57.5800759119
0	-126.802067609	57.5726407917
0	-126.820942	57.5695724499
0	-126.833748638	57.5715847643
0	-126.84391	57.5579826334
0	-126.879100672	57.5630850311
0	-126.901312	57.5476825928
0	-126.917899	57.5335223077
0	-126.9501568	57.53570949
0	-126.98521958	57.53272235
0	-127.01613302	57.52628102
0	-127.04995376	57.50821166
0	-127.074814	57.5193620225
0	-127.10279644	57.52356519
0	-127.148803	57.5258018187
0	-127.16539	57.5399621038
0	-127.155184	57.5644224296
0	-127.164112	57.583732735
0	-127.185802	57.5927429998
0	-127.207483	57.599182796
0	-127.229173	57.606903285
0	-127.239379	57.591462307
0	-127.28260176	57.57870985
0	-127.31989706	57.5785914
0	-127.32938059	57.56184782
0	-127.31633633	57.54630401
0	-127.33057044	57.52119752
0	-127.3210781	57.50684461
0	-127.300615	57.4910323693
0	-127.287853	57.4807323287
0	-127.284028	57.4665720436
0	-127.30566296	57.43987915
0	-127.329955	57.4305219013
0	-127.36377159	57.42791691
0	-127.391191	57.4215116365
0	-127.409047	57.4047717998
0	-127.447315	57.3828910256
0	-127.469005	57.3648614131
0	-127.476664	57.3519909037
0	-127.495798	57.3236612505
0	-127.51082791	57.30474846
0	-127.51833127	57.29301428
0	-127.525138	57.2657303342
0	-127.51444764	57.23918704
0	-127.47050531	57.22343898
0	-127.48235971	57.20191405
0	-127.499623	57.1923402739
0	-127.5191304	57.18517047
0	-127.544272	57.1730299685
0	-127.567231	57.1575799075
0	-127.595302	57.1524298872
0	-127.614436	57.1665992553
0	-127.63357	57.1781799888
0	-127.660363	57.1807595404
0	-127.669291	57.1962096014
0	-127.659085	57.206509642
0	-127.664188	57.2271097233
0	-127.685878	57.2335404365
0	-127.703734	57.251570049
0	-127.716496	57.2721701303
0	-127.725424	57.2850406396
0	-127.74328	57.2979202319
0	-127.773898	57.2876201912
0	-127.804516	57.2721701303
0	-127.836412	57.2798906193
0	-127.856824	57.2567200693
0	-127.86703	57.229680192
0	-127.892545	57.2090801107
0	-127.912957	57.1897698052
0	-127.928257	57.1678799482
0	-127.905298	57.1472798669
0	-127.901473	57.1253990927
0	-127.920607	57.1266797856
0	-127.960153	57.1292593373
0	-127.986946	57.1395593779
0	-128.004802	57.1511491943
0	-128.021389	57.153719663
0	-128.044348	57.1472798669
0	-128.062213	57.1395593779
0	-128.072322235	57.1273062855
0	-128.075600802	57.1177505248
0	-128.093089437	57.1156212987
0	-128.096656	57.1305491131
0	-128.106862	57.1511491943
0	-128.13273531	57.17278388
0	-128.1515469	57.1683205542
0	-128.1659486	57.1531799843
0	-128.1760685	57.1562837224
0	-128.1931878	57.1531799843
0	-128.1978646	57.1648229408
0	-128.219119	57.1717492756
0	-128.251015	57.1550094388
0	-128.271427	57.1344093576
0	-128.313529	57.1292593373
0	-128.346694	57.1344093576
0	-128.379859	57.1344093576
0	-128.395168	57.1099490318
0	-128.411755	57.071319338
0	-128.432167	57.0532988083
0	-128.460229	57.055869277
0	-128.484466	57.071319338
0	-128.508712	57.0751886654
0	-128.531671	57.0919194192
0	-128.569939	57.1099490318
0	-128.583979	57.1305491131
0	-128.599288	57.1498594185
0	-128.61368904	57.16294211
0	-128.666896	57.1704594998
0	-128.683483	57.161449235
0	-128.68603	57.1369798263
0	-128.706442	57.1202490724
0	-128.725576	57.1060797044
0	-128.745988	57.085488706
0	-128.77076763	57.08446577
0	-128.7634177	57.0728372825
0	-128.761297	57.0494385638
0	-128.740885	57.024978238
0	-128.712823	57.0005088293
0	-128.68603	56.9811985239
0	-128.671999	56.9618882184
0	-128.669452	56.9361381169
0	-128.65669	56.9219778317
0	-128.669452	56.9103880153
0	-128.691133	56.9013777505
0	-128.698792	56.8872174653
0	-128.677102	56.8717674044
0	-128.64904	56.8782072005
0	-128.63333999	56.88827494
0	-128.595454	56.889787934
0	-128.575042	56.8756276489
0	-128.548258	56.8460173028
0	-128.516362	56.829277466
0	-128.475538	56.8151171809
0	-128.435992	56.7958068754
0	-128.430889	56.77649657
0	-128.397724	56.7558964887
0	-128.376034	56.7481669168
0	-128.346694	56.7571771816
0	-128.332663	56.7674772222
0	-128.316076	56.7481669168
0	-128.279077	56.7546067129
0	-128.251015	56.7520271613
0	-128.216572	56.7571771816
0	-128.185954	56.7520271613
0	-128.18851	56.7365861833
0	-128.171923	56.7185565707
0	-128.177026	56.686366673
0	-128.180851	56.6696359192
0	-128.187232	56.6477460621
0	-128.146408	56.6348755528
0	-128.127274	56.6387357973
0	-128.114512	56.6593358785
0	-128.105584	56.6812166527
0	-128.087728	56.6696359192
0	-128.066038	56.6657756747
0	-128.039245	56.6683461434
0	-128.017564	56.6503256137
0	-128.017564	56.6348755528
0	-128.007358	56.6168459402
0	-127.985668	56.6001151864
0	-127.961431	56.6039754309
0	-127.939741	56.6168459402
0	-127.920607	56.6232857363
0	-127.902751	56.6065458996
0	-127.89637	56.594965166
0	-127.886164	56.580795798
0	-127.86703	56.5679252887
0	-127.856824	56.5511854519
0	-127.859371	56.5331649223
0	-127.86703	56.5164250855
0	-127.887442	56.5035545762
0	-127.872133	56.4868147394
0	-127.882339	56.4700749026
0	-127.89637	56.4559146175
0	-127.92571	56.4443248011
0	-127.958875	56.4314542917
0	-127.983121	56.4134246792
0	-128.003524	56.4044144143
0	-128.034142	56.4057041902
0	-128.05711	56.414714455
0	-128.083894	56.4185746995
0	-128.111965	56.4198644753
0	-128.133646	56.4327440676
0	-128.152789	56.4481941285
0	-128.17447	56.4636351065
0	-128.207644	56.4778044746
0	-128.236984	56.4687851268
0	-128.256118	56.4494748214
0	-128.262499	56.4250144956
0	-128.27016295	56.39777637
0	-128.266324	56.3799540886
0	-128.236984	56.3657938034
0	-128.226778	56.354203987
0	-128.212747	56.3323141299
0	-128.2255	56.3117231316
0	-128.235706	56.3001333151
0	-128.263777	56.2885434987
0	-128.291839	56.2808230097
0	-128.3181342	56.2589410572
0	-128.2975073	56.2507878367
0	-128.2815493	56.2379790091
0	-128.28397979	56.2277941162
0	-128.302045	56.2125829698
0	-128.3091835	56.1906273099
0	-128.298216369	56.1698499754
0	-128.306293485	56.1657374782
0	-128.300911687	56.1612472151
0	-128.285458	56.1327621963
0	-128.27016295	56.09366984
0	-128.3060709	56.0926232357
0	-128.32279	56.0946320636
0	-128.347873	56.0861940232
0	-128.377123	56.089009731
0	-128.400811	56.0932242097
0	-128.442607	56.10166225
0	-128.474412	56.0947580403
0	-128.487193	56.0974477713
0	-128.513170165	56.0846380036
0	-128.522997028	56.0792119113
0	-128.5372723	56.0796253479
0	-128.559634	56.0707348793
0	-128.5633581	56.0580803641
0	-128.5758085	56.0540076926
0	-128.584717	56.0580732774
0	-128.623723	56.0594811312
0	-128.6207674	56.0367323181
0	-128.6176548	56.0338255177
0	-128.6157035	56.0303279043
0	-128.6227108	56.0299419064
0	-128.641831	56.0060553473
0	-128.644621	55.9793424553
0	-128.658553	55.9484060017
0	-128.687812	55.9090405907
0	-128.719852	55.8823186158
0	-128.696173	55.8640437641
0	-128.650192	55.8457689125
0	-128.613967	55.8274849779
0	-128.597254	55.7965576073
0	-128.602825	55.7698356324
0	-128.583322	55.7431227404
0	-128.5666	55.7192255562
0	-128.526199	55.7135941407
0	-128.481613	55.7051561003
0	-128.448178	55.6896969564
0	-128.409172	55.6756365835
0	-128.378518	55.6545460241
0	-128.353444	55.6278240492
0	-128.32558	55.6109570515
0	-128.28796	55.5954888247
0	-128.246164	55.5800205979
0	-128.22109	55.5603378923
0	-128.18626	55.5420630407
0	-128.184865	55.5181567736
0	-128.197402	55.5012806929
0	-128.223871	55.4956583603
0	-128.25592	55.48722032
0	-128.282389	55.4745678009
0	-128.318614	55.4928517355
0	-128.346478	55.5012806929
0	-128.368771	55.5139422949
0	-128.399416	55.5280026678
0	-128.42728	55.539247333
0	-128.459329	55.539247333
0	-128.487193	55.5448696655
0	-128.508091	55.52518696
0	-128.516443	55.5026885468
0	-128.520628	55.4815979874
0	-128.524804	55.4647309896
0	-128.520628	55.4436404302
0	-128.533165	55.4281722034
0	-128.548492	55.4141118305
0	-128.549887	55.394429125
0	-128.530375	55.3733385656
0	-128.506696	55.394429125
0	-128.484403	55.3902055633
0	-128.470471	55.3733385656
0	-128.478832	55.3592781927
0	-128.477437	55.3480244446
0	-128.463505	55.3283417391
0	-128.483008	55.31568922
0	-128.495545	55.2988131393
0	-128.471866	55.2875684742
0	-128.457934	55.288976328
0	-128.431465	55.2917829529
0	-128.395249	55.2866238496
0	-128.399002	55.2737442574
0	-128.405005	55.258593933
0	-128.406508	55.2457143408
0	-128.400505	55.2381391786
0	-128.391496	55.2290562504
0	-128.380993	55.2139059261
0	-128.371237	55.2055677979
0	-128.387743	55.1995094848
0	-128.392999	55.1858760095
0	-128.394502	55.1722425342
0	-128.394408281	55.1674395208
0	-128.386375351	55.1635330778
0	-128.379897751	55.1602791395
0	-128.384139563	55.1496501802
0	-128.391059017	55.1494355405
0	-128.40669186	55.1477012515
0	-128.41702	55.1457294667
0	-128.432032	55.1396711535
0	-128.442535	55.1434587346
0	-128.45905	55.1464833497
0	-128.472559	55.1426957686
0	-128.489074	55.1313330254
0	-128.50108	55.1161827011
0	-128.518342	55.1176995501
0	-128.537107	55.1199702821
0	-128.561128	55.1192163991
0	-128.582899	55.113158086
0	-128.600908	55.116945667
0	-128.60917	55.1283084103
0	-128.627179	55.1366374555
0	-128.641444	55.1419418856
0	-128.659453	55.1358835724
0	-128.683474	55.1290622933
0	-128.693986	55.1374004214
0	-128.699989	55.1555753609
0	-128.704489	55.164667372
0	-128.724757	55.1699718021
0	-128.742766	55.1775469643
0	-128.759281	55.1866298925
0	-128.783302	55.1949680207
0	-128.808817	55.2048139149
0	-128.831335	55.2025431828
0	-128.8381517	55.1925628304
0	-128.8387363	55.1853785433
0	-128.8402926	55.1828577408
0	-128.8395184	55.1772253228
0	-128.8295881	55.1731526513
0	-128.823082	55.1752671493
0	-128.804317	55.1707256852
0	-128.793805	55.164667372
0	-128.788558	55.1548214778
0	-128.795308	55.1411880025
0	-128.790808	55.1252747122
0	-128.805064	55.1214871312
0	-128.817826	55.113158086
0	-128.827582	55.1070997728
0	-128.835844	55.0964909126
0	-128.840344	55.0881618674
0	-128.840344	55.0730115431
0	-128.846347	55.0631656489
0	-128.862862	55.0654363809
0	-128.872618	55.070740811
0	-128.884633	55.0730115431
0	-128.900392	55.0752822752
0	-128.901895	55.0639195319
0	-128.906395	55.0495230907
0	-128.92741	55.0389233134
0	-128.943925	55.0283144532
0	-128.954428	55.0124102458
0	-128.946175	55.0002936196
0	-128.930416	54.9927184574
0	-128.92741	54.9821095972
0	-128.934916	54.9639346578
0	-128.947678	54.9465045185
0	-128.961934	54.9396923223
0	-128.976946	54.9457506354
0	-128.994964	54.9457506354
0	-129.007726	54.9389293563
0	-129.027985	54.9396923223
0	-129.037997124	54.9355856874
0	-129.04112546	54.9345039031
0	-129.043246366	54.9328812268
0	-129.046710512	54.9312499649
0	-129.048495608	54.9294040632
0	-129.0580719	54.9261061301
0	-129.060213612	54.9240981692
0	-129.065789826	54.9227931596
0	-129.0767554	54.9237822653
0	-129.0800655	54.9195126561
0	-129.0866778	54.9144631736
0	-129.0979669	54.9129113046
0	-129.1071151	54.9144631736
0	-129.117235	54.9142741134
0	-129.1304675	54.9136911778
0	-129.145075	54.9124162888
0	-129.15713	54.9008823502
0	-129.165242631	54.889395218
0	-129.168349	54.8813617571
0	-129.187008426	54.8807151875
0	-129.195386004	54.883754486
0	-129.207324935	54.8809384128
0	-129.218486202	54.8857034147
0	-129.228975848	54.8896098578
0	-129.2345609	54.8863559195
0	-129.24225802	54.8834282336
0	-129.250635598	54.885488775
0	-129.258809922	54.8845958737
0	-129.264642413	54.8817626293
0	-129.281865935	54.8800798539
0	-129.288237489	54.8795475474
0	-129.29006677	54.8783112225
0	-129.291153734	54.8772466095
0	-129.292797436	54.8790152408
0	-129.294706251	54.8797278447
0	-129.296261582	54.8798137006
0	-129.298806669	54.8798995565
0	-129.300901063	54.8806980163
0	-129.303640567	54.881582332
0	-129.306008911	54.8820287826
0	-129.30946422	54.8832651074
0	-129.311655823	54.8831792515
0	-129.313113946	54.8819429267
0	-129.314024168	54.880431863
0	-129.315296711	54.8781309252
0	-129.316666463	54.8776930601
0	-129.318672486	54.8785773758
0	-129.322861275	54.8783970784
0	-129.32504404	54.8787490876
0	-129.325317991	54.8780450693
0	-129.327783544	54.8768946003
0	-129.328596557	54.8745936625
0	-129.330876531	54.8742416533
0	-129.333704405	54.8726447337
0	-129.337159714	54.8714942648
0	-129.339351317	54.8726447337
0	-129.345183808	54.8728250311
0	-129.352562792	54.8715801207
0	-129.3589513	54.8731298903
0	-129.365746	54.8798449081
0	-129.383017	54.878337142
0	-129.397273	54.876057327
0	-129.410035	54.8662114328
0	-129.419521553	54.857594196
0	-129.425168465	54.8552932582
0	-129.424894515	54.8519362928
0	-129.423710342	54.8508716798
0	-129.423348021	54.8492747602
0	-129.424532193	54.8477722821
0	-129.4350441	54.8471262372
0	-129.4465307	54.8465433016
0	-129.4529534	54.8446054347
0	-129.4652142	54.8434395636
0	-129.464071	54.8237941579
0	-129.457786228	54.8177656482
0	-129.454507661	54.8160828728
0	-129.450407243	54.8168813326
0	-129.44821564	54.8162631702
0	-129.446121246	54.8159970169
0	-129.443938481	54.8121936009
0	-129.446580776	54.8113951411
0	-129.443938481	54.8094462124
0	-129.442568729	54.808390185
0	-129.441844086	54.8093603565
0	-129.43783204	54.8097982216
0	-129.435286953	54.809892663
0	-129.43309535	54.8097123657
0	-129.4295931	54.8116144322
0	-129.4262909	54.8073448229
0	-129.420538	54.8048562525
0	-129.413032	54.8033394034
0	-129.404779	54.7957642413
0	-129.395290205	54.7897079431
0	-129.392736281	54.7840414543
0	-129.389917244	54.7828909853
0	-129.385905198	54.7765204782
0	-129.378437842	54.7743053963
0	-129.374425795	54.772450909
0	-129.373241623	54.7710342868
0	-129.378614584	54.7694373672
0	-129.380072707	54.7682868983
0	-129.38153083	54.7674970241
0	-129.380894558	54.7674025826
0	-129.381168508	54.7659859604
0	-129.384358704	54.7646637797
0	-129.387725642	54.762714851
0	-129.389272135	54.7596154533
0	-129.390279566	54.7592634442
0	-129.390553516	54.7579326779
0	-129.390915837	54.7525323423
0	-129.3933953	54.7508709697
0	-129.4040998	54.7462153627
0	-129.407797	54.7376761442
0	-129.4126634	54.7324376016
0	-129.4183119	54.7324376016
0	-129.4190861	54.7287509279
0	-129.43105	54.7230463177
0	-129.428720982	54.7155370389
0	-129.429357254	54.7111154605
0	-129.432459078	54.7086342253
0	-129.429905154	54.70243543
0	-129.424894515	54.700847096
0	-129.41778948	54.7002289336
0	-129.4126634	54.6998325969
0	-129.4155864	54.6942001788
0	-129.421227	54.6899384471
0	-129.4255088	54.6910964408
0	-129.4282343	54.6889616362
0	-129.4276497	54.6858578981
0	-129.4288	54.6791121938
0	-129.440806	54.6700201826
0	-129.443540811	54.6594302142
0	-129.450955144	54.6587090247
0	-129.455965784	54.6564080868
0	-129.456787634	54.6542015904
0	-129.459880622	54.6519865084
0	-129.460428523	54.6512739046
0	-129.461074	54.6457869301
0	-129.464104759	54.6374854485
0	-129.463592207	54.6327977168
0	-129.460790844	54.6308316169
0	-129.459695043	54.6295008506
0	-129.458245757	54.6279125166
0	-129.457759716	54.627612021
0	-129.456142526	54.6279983725
0	-129.456239734	54.6254312814
0	-129.455603462	54.624813119
0	-129.456416476	54.6242808124
0	-129.457423906	54.6230444876
0	-129.458775984	54.6221859287
0	-129.4589811	54.6196868329
0	-129.464608474	54.6145447544
0	-129.468081457	54.6155235116
0	-129.470361431	54.6171118456
0	-129.473242328	54.6172578006
0	-129.47427627	54.6181764586
0	-129.47629113	54.6175067826
0	-129.477280886	54.6164936831
0	-129.480656661	54.6162275299
0	-129.482114784	54.6150770609
0	-129.482653847	54.612861979
0	-129.484297549	54.6121579606
0	-129.48539335	54.611273645
0	-129.48539335	54.6098570228
0	-129.486754265	54.6075560849
0	-129.487461234	54.606654598
0	-129.487125424	54.6040102366
0	-129.489493768	54.6012714337
0	-129.49013004	54.5989704958
0	-129.49040399	54.5948064851
0	-129.491950484	54.5949867825
0	-129.493134656	54.595956954
0	-129.497509024	54.5953387916
0	-129.503244307	54.5948064851
0	-129.506796824	54.5939221694
0	-129.507980996	54.5929519978
0	-129.509810278	54.5922393939
0	-129.511082821	54.5908227717
0	-129.511356771	54.5891399963
0	-129.513177216	54.5879895273
0	-129.514723709	54.5864011934
0	-129.515094868	54.584632562
0	-129.519186448	54.5843664088
0	-129.521554793	54.5858688868
0	-129.525292889	54.5873713649
0	-129.528076578	54.5879036715
0	-129.535694165	54.5891399963
0	-129.536710432	54.5992538202
0	-129.54508801	54.6110933476
0	-129.554994407	54.6155320972
0	-129.5664132	54.6218216375
0	-129.575751	54.6268632424
0	-129.584914	54.6313904888
0	-129.604435	54.6291197567
0	-129.614938	54.6238153266
0	-129.630706	54.6245692097
0	-129.645718	54.6268490247
0	-129.654718	54.6192738625
0	-129.661477	54.6124525834
0	-129.6724786	54.6039633273
0	-129.6872674	54.5960070445
0	-129.6917467	54.5785426098
0	-129.6884366	54.5744699383
0	-129.6872674	54.5713583227
0	-129.680268	54.5715552604
0	-129.6724786	54.5719412583
0	-129.6662534	54.572138196
0	-129.651181	54.55617476
0	-129.657045321	54.5469589971
0	-129.668984253	54.5474569612
0	-129.693604433	54.542279851
0	-129.686243123	54.5329043877
0	-129.686992	54.5200337885
0	-129.695947	54.5094885088
0	-129.70351083	54.4931960382
0	-129.699445761	54.4828332321
0	-129.702132242	54.4816054929
0	-129.713920943	54.4823438536
0	-129.710359588	54.4686240822
0	-129.724297	54.4567802762
0	-129.730264	54.4417207811
0	-129.739219	54.4161250893
0	-129.752647	54.3995578282
0	-129.764581	54.3890125485
0	-129.780997	54.3799750349
0	-129.800392	54.3844983332
0	-129.813829	54.3799750349
0	-129.828751	54.3709466042
0	-129.827257	54.3558871092
0	-129.827257	54.3317901006
0	-129.846652	54.3137150734
0	-129.873508	54.3122163902
0	-129.873508	54.3001633444
0	-129.891418	54.2851038494
0	-129.92425	54.2580003915
0	-129.948118	54.2775741019
0	-129.986917	54.2564926254
0	-129.997366	54.2384266811
0	-130.019749	54.2143296725
0	-130.036156	54.2113141403
0	-130.0369423	54.23954829
0	-130.046605	54.2670379051
0	-130.033177	54.280589634
0	-130.049584	54.3001633444
0	-130.067494	54.3167306055
0	-130.103305	54.3317901006
0	-130.109272	54.3604013246
0	-130.137622	54.3739530535
0	-130.157879534	54.3976899451
0	-130.195825	54.4131095572
0	-130.225669	54.4221470708
0	-130.262965	54.4356987997
0	-130.291324	54.4522660608
0	-130.321159	54.438705249
0	-130.321159	54.4040720436
0	-130.385329	54.381482801
0	-130.43158	54.381482801
0	-130.5	54.4
0	-130.6	54.5
0	-131.0	54.5
0	-132.0	54.5
0	-133.0	54.5
1	180.0	50.0
1	179.0	50.0
1	178.0	50.0
1	177.0	50.0
1	176.0	50.0
1	175.0	50.0
1	174.0	50.0
1	173.0	50.0
1	172.0	50.0
1	171.0	50.0
1	170.0	50.0
1	169.0	50.0
1	168.0	50.0
1	167.0	50.0
1	166.0	50.0
1	165.0	50.0
1	165.0	51.0
1	165.0	52.0
1	165.0	53.0
1	165.0	54.0
1	165.0	55.0
1	165.0	56.0
1	165.0	57.0
1	166.0	57.0
1	167.0	57.0
1	168.0	57.0
1	169.0	57.0
1	170.0	57.0
1	171.0	57.0
1	172.0	57.0
1	173.0	57.0
1	174.0	57.0
1	175.0	57.0
1	176.0	57.0
1	177.0	57.0
1	178.0	57.0
1	179.0	57.0
1	180.0	57.0
1	180.0	56.0
1	180.0	55.0
1	180.0	54.0
1	180.0	53.0
1	180.0	52.0
1	180.0	51.0
1	180.0	50.0
